-0.08507,-0.33252,1.74084,-0.08628,-0.08119,1.76147,-0.08727,0.16292,1.77053,-0.08113,0.28822,1.77044,-0.22612,0.05971,1.75126,-0.22915,-0.12376,1.68841,-0.19104,-0.27837,1.57939,-0.17314,-0.33089,1.53135,0.06816,0.06029,1.77397,0.08902,-0.14461,1.7141,0.06428,-0.32577,1.5775,0.03927,-0.39611,1.50628,-0.16069,-0.37449,1.4683,-0.19989,-0.35706,1.54418,0.02752,-0.44626,1.45363,0.06954,-0.42589,1.49938,-0.08709,0.10286,1.77024,
-0.08504,-0.33257,1.74059,-0.08624,-0.08114,1.7615,-0.08715,0.16308,1.7708,-0.08055,0.28861,1.77137,-0.22612,0.05976,1.75149,-0.22882,-0.12386,1.68804,-0.19145,-0.27957,1.57828,-0.17292,-0.33107,1.53049,0.06835,0.06025,1.77427,0.08917,-0.14447,1.7143,0.06336,-0.32511,1.57719,0.03771,-0.39939,1.50338,-0.16313,-0.37535,1.4683,-0.19865,-0.35874,1.54357,0.02773,-0.45114,1.45626,0.07141,-0.42438,1.51071,-0.08701,0.10298,1.77044,
-0.08503,-0.3325,1.74036,-0.08612,-0.08109,1.76155,-0.08689,0.16317,1.77113,-0.0799,0.28919,1.77251,-0.22606,0.0598,1.75167,-0.22865,-0.12384,1.68781,-0.19111,-0.2809,1.57703,-0.17311,-0.32981,1.5315,0.06848,0.06024,1.77441,0.08917,-0.14451,1.71432,0.06534,-0.32604,1.57809,0.03795,-0.39744,1.50413,-0.15981,-0.37333,1.46867,-0.19807,-0.35939,1.54204,0.02617,-0.44627,1.45374,0.0722,-0.42018,1.51641,-0.08679,0.10306,1.77069,
-0.08489,-0.33254,1.74024,-0.08593,-0.08108,1.76162,-0.0865,0.1632,1.77148,-0.0795,0.28937,1.7732,-0.22596,0.05983,1.75166,-0.22854,-0.12385,1.68782,-0.19606,-0.26083,1.59281,-0.16613,-0.31822,1.56969,0.06855,0.06016,1.77423,0.08926,-0.1445,1.71424,0.06606,-0.32727,1.57964,0.03772,-0.39933,1.50395,-0.14156,-0.36109,1.48454,-0.22376,-0.35645,1.58482,0.02448,-0.45014,1.4545,0.0709,-0.42342,1.50955,-0.08646,0.10309,1.77095,
-0.08478,-0.33252,1.7401,-0.08581,-0.08105,1.76159,-0.08616,0.16324,1.77153,-0.07923,0.28941,1.77338,-0.22592,0.05975,1.75167,-0.22842,-0.12382,1.68777,-0.19065,-0.27797,1.57316,-0.1728,-0.32849,1.53238,0.06868,0.06031,1.77446,0.08933,-0.14453,1.71414,0.06623,-0.32667,1.57864,0.03851,-0.39747,1.50546,-0.15829,-0.3712,1.4707,-0.19604,-0.35937,1.53523,0.02656,-0.44606,1.45526,0.0715,-0.41879,1.51163,-0.08619,0.10313,1.77098,
-0.08487,-0.33243,1.73999,-0.0857,-0.08094,1.76161,-0.08595,0.1634,1.77172,-0.07885,0.28955,1.77367,-0.22574,0.05964,1.75177,-0.22829,-0.12372,1.68771,-0.19044,-0.27892,1.57608,-0.17207,-0.33012,1.53121,0.06891,0.06061,1.77498,0.08941,-0.14461,1.71433,0.06488,-0.32703,1.57948,0.03856,-0.39716,1.50613,-0.15916,-0.37431,1.46903,-0.1958,-0.31155,1.5146,0.02554,-0.44691,1.4557,0.07024,-0.42325,1.5045,-0.08599,0.10327,1.77113,
-0.08474,-0.33245,1.73993,-0.08565,-0.08095,1.76158,-0.08593,0.16338,1.77169,-0.07867,0.2896,1.77374,-0.22568,0.05975,1.75165,-0.22845,-0.12315,1.68798,-0.18935,-0.27875,1.57796,-0.17269,-0.33002,1.53126,0.06902,0.06046,1.77501,0.08949,-0.14483,1.71428,0.06602,-0.32723,1.57921,0.03844,-0.3993,1.50222,-0.15971,-0.37392,1.4681,-0.16861,-0.31563,1.50009,0.02584,-0.44999,1.45275,0.0695,-0.43137,1.4929,-0.08597,0.10325,1.77111,
-0.08461,-0.33269,1.7398,-0.08562,-0.08111,1.76158,-0.08596,0.16322,1.7718,-0.07896,0.28934,1.77375,-0.22579,0.05974,1.75158,-0.22868,-0.1231,1.68808,-0.19061,-0.27834,1.57995,-0.17276,-0.33106,1.53093,0.06868,0.05996,1.77444,0.09507,-0.14185,1.71586,0.06857,-0.28332,1.53701,0.03908,-0.35725,1.44535,-0.15902,-0.37423,1.46775,-0.16521,-0.31978,1.49671,0.01327,-0.4032,1.40914,0.07168,-0.38361,1.45221,-0.08598,0.1031,1.77119,
-0.0825,-0.33235,1.73942,-0.08506,-0.08115,1.76141,-0.08603,0.16311,1.77177,-0.08013,0.28891,1.77305,-0.22579,0.06016,1.75069,-0.22932,-0.12273,1.68658,-0.19323,-0.27754,1.58047,-0.17234,-0.33231,1.52899,0.06563,0.06139,1.77322,0.13877,-0.08213,1.71765,0.05673,-0.08819,1.50209,0.00797,-0.06984,1.44588,-0.15973,-0.37632,1.46714,-0.19954,-0.35648,1.54373,-0.0268,-0.03977,1.41211,-0.04825,-0.07418,1.45784,-0.08592,0.10302,1.77116,
-0.08214,-0.33463,1.73932,-0.08493,-0.08153,1.76126,-0.08628,0.1634,1.7715,-0.0812,0.28931,1.77201,-0.22594,0.06148,1.74958,-0.22909,-0.12308,1.68471,-0.19143,-0.27833,1.58013,-0.17171,-0.33248,1.52884,0.06867,0.06994,1.77332,0.12778,-0.10598,1.64417,-0.00537,-0.02304,1.55505,-0.00571,0.03755,1.54064,-0.15861,-0.37519,1.46786,-0.13884,-0.33307,1.54316,-0.03192,0.06819,1.53546,-0.06255,0.04356,1.5726,-0.08605,0.10311,1.77097,
-0.08199,-0.33561,1.73948,-0.08489,-0.08187,1.76129,-0.08651,0.16349,1.77138,-0.08162,0.28937,1.77144,-0.2261,0.06166,1.74925,-0.22933,-0.12285,1.68459,-0.192,-0.27778,1.58236,-0.17309,-0.33248,1.5295,0.06871,0.0677,1.77114,0.1314,-0.11363,1.65988,0.02262,-0.00703,1.56754,-0.01574,0.02389,1.58996,-0.16087,-0.37565,1.46738,-0.19793,-0.36039,1.54188,-0.04821,0.05652,1.58966,-0.03302,-0.01415,1.63668,-0.08619,0.10311,1.77089,
-0.08194,-0.33613,1.73974,-0.08477,-0.08242,1.76162,-0.08649,0.16321,1.77173,-0.08192,0.2892,1.77134,-0.22632,0.06152,1.74892,-0.22957,-0.12263,1.6847,-0.19222,-0.27787,1.58319,-0.17424,-0.33012,1.53216,0.06818,0.06662,1.77048,0.13006,-0.11409,1.66577,0.03069,-0.01083,1.57291,-0.01677,0.0211,1.59628,-0.16203,-0.37457,1.46934,-0.19687,-0.36687,1.53062,-0.04797,0.05742,1.59453,-0.03555,-0.01529,1.63854,-0.08615,0.10277,1.77122,
-0.08236,-0.33794,1.73979,-0.08559,-0.08307,1.7618,-0.08905,0.16403,1.77177,-0.08403,0.28895,1.77267,-0.22837,0.06017,1.74932,-0.23057,-0.12254,1.6847,-0.19223,-0.27819,1.58348,-0.17396,-0.33101,1.53011,0.06658,0.06446,1.76854,0.16779,-0.10413,1.65051,0.04826,0.06495,1.55459,0.02215,0.09017,1.54999,-0.16223,-0.37484,1.46867,-0.1988,-0.36117,1.53866,-0.0324,0.11292,1.55692,-0.00621,0.07656,1.49407,-0.08815,0.1031,1.7713,
-0.0808,-0.33406,1.74285,-0.08425,-0.0799,1.76522,-0.08705,0.16693,1.77658,-0.08543,0.29159,1.77373,-0.22698,0.06168,1.75068,-0.23418,-0.1184,1.68831,-0.19802,-0.27777,1.58545,-0.17536,-0.33207,1.53025,0.06204,0.06206,1.76742,0.15184,0.03111,1.61458,0.09711,0.23253,1.57857,0.08625,0.24707,1.5761,-0.16446,-0.37583,1.46861,-0.19654,-0.36625,1.5288,0.02742,0.29761,1.56729,0.05187,0.27616,1.51785,-0.08643,0.10615,1.77568,
-0.08059,-0.32799,1.74356,-0.08131,-0.07632,1.76563,-0.08143,0.16897,1.77618,-0.07399,0.29502,1.77226,-0.22387,0.06596,1.75225,-0.23582,-0.11407,1.69037,-0.19871,-0.27472,1.58895,-0.17441,-0.329,1.53419,0.06302,0.06685,1.76896,0.16382,0.06953,1.61381,0.1061,0.23991,1.60621,0.07661,0.28654,1.63299,-0.16285,-0.37213,1.47124,-0.19805,-0.36495,1.53488,0.02123,0.35364,1.63812,0.06016,0.26446,1.66585,-0.08159,0.10862,1.77557,
-0.07951,-0.32549,1.74486,-0.08053,-0.0755,1.76546,-0.08045,0.16862,1.77474,-0.06918,0.29577,1.77204,-0.2225,0.06815,1.75251,-0.23699,-0.11158,1.69095,-0.20213,-0.2658,1.59567,-0.18068,-0.31682,1.54702,0.06386,0.06902,1.77031,0.16769,0.0809,1.6167,0.10712,0.23914,1.61387,0.0743,0.28509,1.63538,-0.16347,-0.36234,1.48467,-0.19949,-0.31157,1.51461,0.01814,0.35174,1.65316,0.05747,0.26374,1.66919,-0.08069,0.10861,1.77455,
-0.07878,-0.32312,1.74607,-0.07919,-0.07374,1.76647,-0.07886,0.16904,1.77524,-0.06961,0.2948,1.77408,-0.21995,0.07399,1.75468,-0.23713,-0.1115,1.69097,-0.20148,-0.26984,1.59391,-0.17805,-0.32534,1.5384,0.06305,0.07696,1.7758,0.16861,0.07255,1.62282,0.10589,0.24114,1.61605,0.0759,0.28768,1.61727,-0.16582,-0.36996,1.47353,-0.17556,-0.30763,1.50691,0.01798,0.34097,1.63324,0.08448,0.29715,1.63328,-0.07909,0.10934,1.77512,
-0.07885,-0.32589,1.74615,-0.08222,-0.07629,1.76669,-0.08744,0.16593,1.77571,-0.08989,0.29741,1.78195,-0.22462,0.06595,1.7547,-0.23522,-0.11621,1.69036,-0.18507,-0.29598,1.55877,-0.17363,-0.34374,1.52275,0.06021,0.06708,1.77335,0.14946,0.02404,1.60999,0.05523,0.14783,1.50665,0.00743,0.16726,1.4753,-0.16672,-0.39074,1.45829,-0.16402,-0.32217,1.49781,-0.04135,0.19206,1.44719,0.00095,0.16353,1.42774,-0.08603,0.10632,1.77549,
-0.07949,-0.33109,1.74527,-0.08896,-0.08125,1.76615,-0.10109,0.16135,1.77578,-0.09271,0.30258,1.78582,-0.22783,0.06238,1.75547,-0.23379,-0.11979,1.6899,-0.19144,-0.29812,1.55349,-0.17535,-0.34458,1.52183,0.05806,0.05607,1.77061,0.14345,0.02729,1.5901,0.0357,0.13551,1.49805,-0.01508,0.17604,1.48476,-0.1719,-0.39604,1.45964,-0.15323,-0.33639,1.4899,-0.07178,0.20529,1.44091,-0.02055,0.18274,1.40704,-0.09816,0.1016,1.77538,
-0.08005,-0.32938,1.74527,-0.0842,-0.07809,1.76692,-0.08257,0.16689,1.77833,-0.08517,0.26981,1.77147,-0.22438,0.0645,1.75418,-0.23516,-0.11626,1.6911,-0.19086,-0.29294,1.55304,-0.17587,-0.34112,1.52528,0.06126,0.06207,1.77008,0.1326,0.10862,1.58075,0.02955,0.23006,1.52647,-0.02632,0.28902,1.55067,-0.17352,-0.39262,1.46637,-0.1612,-0.33033,1.49171,-0.08171,0.33346,1.54807,-0.05871,0.25285,1.57531,-0.0834,0.10666,1.77739,
-0.07663,-0.32079,1.74818,-0.07555,-0.06797,1.77044,-0.07273,0.17712,1.78133,-0.07444,0.28302,1.76667,-0.21311,0.08002,1.75768,-0.23733,-0.10827,1.6935,-0.20119,-0.27233,1.59233,-0.17804,-0.3206,1.54028,0.06334,0.07938,1.77102,0.1494,0.12824,1.58435,0.05019,0.25779,1.54767,0.03101,0.27919,1.56757,-0.1647,-0.36462,1.4771,-0.20257,-0.35687,1.54363,-0.00153,0.34233,1.58827,-0.00889,0.27092,1.604,-0.07358,0.11686,1.78057,
-0.0766,-0.3188,1.74842,-0.07368,-0.0657,1.77122,-0.06854,0.18003,1.78289,-0.07278,0.28844,1.77076,-0.21111,0.08366,1.75846,-0.23882,-0.10668,1.69345,-0.20088,-0.26719,1.59283,-0.17562,-0.32715,1.53435,0.06422,0.08063,1.77196,0.15648,0.07973,1.59704,0.06744,0.23348,1.55482,0.03156,0.28847,1.57074,-0.1642,-0.37166,1.47059,-0.14434,-0.32528,1.54957,-0.02399,0.35375,1.57983,0.00341,0.2603,1.59425,-0.07001,0.1196,1.78191,
-0.07747,-0.32151,1.74776,-0.07583,-0.07002,1.7698,-0.0739,0.17352,1.77998,-0.08475,0.29345,1.78764,-0.21673,0.07463,1.75624,-0.23897,-0.10839,1.69323,-0.19963,-0.27069,1.59086,-0.17624,-0.32599,1.53704,0.05962,0.07427,1.7711,0.13913,0.02574,1.59878,0.06233,0.22776,1.55031,0.05119,0.2282,1.54551,-0.16332,-0.3677,1.47444,-0.20172,-0.3563,1.545,0.02386,0.26887,1.55108,0.02895,0.20707,1.58253,-0.07439,0.11365,1.77945,
-0.07891,-0.32441,1.74725,-0.07875,-0.07298,1.76932,-0.07886,0.17107,1.78013,-0.08875,0.29439,1.78906,-0.22325,0.06742,1.75576,-0.23862,-0.11256,1.69223,-0.18939,-0.29076,1.55802,-0.17061,-0.37015,1.49709,0.05786,0.06638,1.76923,0.13439,0.00423,1.60411,0.07485,0.14778,1.5374,0.05561,0.18677,1.53055,-0.1675,-0.4186,1.43778,-0.13092,-0.36073,1.46638,0.04873,0.26986,1.54901,0.02885,0.17055,1.5706,-0.07885,0.11098,1.77936,
-0.07996,-0.32579,1.74674,-0.08016,-0.07475,1.7684,-0.08029,0.16889,1.77861,-0.0898,0.29441,1.78799,-0.22457,0.06586,1.75618,-0.23853,-0.11436,1.69173,-0.18863,-0.29198,1.55703,-0.17384,-0.34087,1.52203,0.05771,0.06517,1.76898,0.14969,-0.0396,1.61955,0.07844,0.14431,1.54268,0.05679,0.19295,1.53656,-0.16415,-0.38597,1.45638,-0.17385,-0.31289,1.50325,0.04936,0.27125,1.55005,0.04097,0.16729,1.58049,-0.08031,0.10893,1.77803,
-0.08026,-0.32645,1.74678,-0.08079,-0.0757,1.76792,-0.08119,0.16755,1.77732,-0.09139,0.29476,1.78624,-0.22409,0.06588,1.75577,-0.23802,-0.11598,1.69182,-0.18733,-0.29296,1.55654,-0.17625,-0.34128,1.52307,0.04904,0.06501,1.76818,0.11913,-0.00835,1.58581,0.06955,0.14317,1.53132,0.0481,0.20257,1.51741,-0.17215,-0.39264,1.46012,-0.16907,-0.32185,1.49511,0.03212,0.26777,1.52384,0.00869,0.18787,1.56377,-0.08115,0.10771,1.77697,
-0.08109,-0.32814,1.74645,-0.08163,-0.07702,1.76711,-0.08199,0.1665,1.77595,-0.09162,0.29455,1.78532,-0.22378,0.06585,1.7564,-0.23784,-0.11572,1.69172,-0.18773,-0.29285,1.55641,-0.15144,-0.37327,1.48448,0.05784,0.05995,1.76547,0.09161,-0.03544,1.5725,0.0496,0.15207,1.50007,0.03564,0.20601,1.49545,-0.12814,-0.4151,1.42652,-0.11216,-0.36184,1.48705,0.03856,0.27417,1.48492,0.0013,0.21767,1.50055,-0.08196,0.10659,1.77575,
-0.08151,-0.33024,1.74618,-0.08351,-0.07841,1.76658,-0.08636,0.16602,1.77536,-0.09301,0.29546,1.78536,-0.22643,0.06366,1.75785,-0.23602,-0.11853,1.69158,-0.18626,-0.29517,1.55548,-0.15058,-0.37439,1.48442,0.06097,0.05633,1.76069,0.07635,-0.05721,1.57434,0.04244,0.12593,1.48504,0.03345,0.17863,1.46587,-0.12686,-0.41493,1.42513,-0.11291,-0.36196,1.48707,0.03214,0.24347,1.44073,-0.00271,0.2014,1.46938,-0.08561,0.10584,1.77515,
-0.08208,-0.33058,1.74655,-0.08427,-0.07867,1.76665,-0.08714,0.16589,1.7751,-0.09478,0.29573,1.78433,-0.22714,0.0634,1.75805,-0.2358,-0.11936,1.69192,-0.1886,-0.29779,1.55738,-0.17173,-0.37012,1.49668,0.05613,0.05553,1.76133,0.09569,-0.05851,1.57794,0.04641,0.12428,1.48327,0.03844,0.18038,1.47486,-0.16984,-0.41968,1.43515,-0.13047,-0.36146,1.46876,0.0338,0.24861,1.4568,-0.00125,0.1827,1.48555,-0.08643,0.10569,1.77501,
-0.08519,-0.33712,1.74416,-0.09011,-0.08087,1.76663,-0.0962,0.16721,1.77716,-0.09776,0.29463,1.78321,-0.23396,0.05879,1.75788,-0.23779,-0.12141,1.69196,-0.19728,-0.30011,1.55547,-0.16574,-0.3572,1.499,0.05112,0.03468,1.75917,0.15671,-0.08394,1.60776,0.07853,0.0391,1.471,0.05447,0.06553,1.44026,-0.1461,-0.39729,1.43752,-0.1279,-0.34879,1.50489,0.00829,0.11101,1.37685,0.03276,0.10677,1.43645,-0.09463,0.10615,1.7765,
-0.08496,-0.33407,1.7436,-0.09344,-0.07994,1.76678,-0.10318,0.16689,1.77884,-0.1028,0.29315,1.78319,-0.23925,0.05614,1.75831,-0.23935,-0.12475,1.69161,-0.20066,-0.29195,1.56046,-0.17524,-0.34513,1.51211,0.04637,0.07264,1.77864,0.15698,-0.07743,1.74305,0.11878,-0.19003,1.56317,0.0614,-0.2431,1.47778,-0.1617,-0.38917,1.44932,-0.14449,-0.36007,1.45426,0.03535,-0.28567,1.42904,0.07793,-0.19539,1.43251,-0.10074,0.10621,1.77775,
-0.08299,-0.33191,1.74378,-0.09244,-0.07902,1.76738,-0.10187,0.16708,1.77963,-0.10256,0.29281,1.78351,-0.23943,0.05622,1.75833,-0.23908,-0.12544,1.69152,-0.20232,-0.27905,1.58417,-0.17848,-0.33638,1.52468,0.04945,0.07106,1.7781,0.16539,-0.06572,1.72663,0.06959,-0.11126,1.55394,0.00608,-0.10437,1.52439,-0.16702,-0.37881,1.46025,-0.16822,-0.32798,1.48967,-0.06707,-0.11051,1.49225,-0.00165,-0.08218,1.45366,-0.09959,0.10655,1.77848,
-0.08261,-0.33355,1.74293,-0.09024,-0.07988,1.76814,-0.09652,0.16686,1.78247,-0.09764,0.29175,1.78503,-0.2357,0.05738,1.75774,-0.23741,-0.12581,1.69121,-0.20234,-0.27685,1.58659,-0.1788,-0.33096,1.5316,0.05433,0.07442,1.77756,0.1599,-0.07152,1.65823,0.01931,-0.01181,1.51768,-0.03147,0.02043,1.49116,-0.1668,-0.37574,1.4687,-0.17476,-0.3166,1.50193,-0.0927,0.04788,1.46841,0.00036,0.05,1.45378,-0.09516,0.10613,1.78076,
-0.08197,-0.33899,1.74284,-0.09005,-0.08282,1.76557,-0.09745,0.16512,1.77461,-0.09552,0.29482,1.78735,-0.23265,0.0586,1.75541,-0.23625,-0.12438,1.6917,-0.20216,-0.2761,1.58824,-0.17882,-0.32926,1.53216,0.05504,0.06106,1.77098,0.13897,0.01799,1.60609,0.00773,0.12891,1.53059,-0.01238,0.14842,1.52485,-0.16781,-0.37244,1.47102,-0.17442,-0.3151,1.502,-0.06061,0.18835,1.51405,-0.06923,0.13848,1.5412,-0.09575,0.10403,1.77455,
-0.0822,-0.33976,1.74243,-0.0892,-0.08329,1.76486,-0.0941,0.16533,1.77485,-0.08947,0.29578,1.78854,-0.23077,0.05907,1.75362,-0.23436,-0.12278,1.68831,-0.20066,-0.27508,1.5873,-0.17711,-0.32762,1.53229,0.05559,0.04876,1.76815,0.21417,-0.02037,1.65114,0.05487,0.07768,1.56689,0.00373,0.08685,1.56815,-0.16543,-0.37063,1.46957,-0.17577,-0.31119,1.50314,-0.05226,0.11768,1.56435,0.00455,0.10936,1.50813,-0.09316,0.10397,1.77429,
-0.08032,-0.33555,1.74339,-0.08581,-0.08129,1.7675,-0.08945,0.16564,1.78029,-0.08448,0.2928,1.78721,-0.23005,0.05873,1.75317,-0.23433,-0.12124,1.68835,-0.1991,-0.27528,1.58741,-0.17742,-0.32644,1.53313,0.06458,0.07567,1.78553,0.21461,-0.03692,1.74829,0.17213,-0.08569,1.56988,0.1477,-0.0898,1.53391,-0.16688,-0.36922,1.47003,-0.17543,-0.3109,1.50364,0.10369,-0.09463,1.47289,0.12883,-0.08737,1.46477,-0.08873,0.10484,1.779,
-0.07961,-0.33433,1.74348,-0.08447,-0.08056,1.76719,-0.0876,0.16583,1.7792,-0.08144,0.29192,1.78421,-0.22791,0.05967,1.75059,-0.23386,-0.12109,1.68783,-0.19551,-0.27943,1.57908,-0.17696,-0.32609,1.53346,0.06698,0.0724,1.78721,0.18675,-0.03871,1.81387,0.23304,-0.02736,1.58808,0.22424,-0.05363,1.4998,-0.1648,-0.37007,1.47034,-0.17351,-0.31096,1.50279,0.21553,-0.05553,1.41513,0.25204,-0.04861,1.44682,-0.08701,0.1052,1.77817,
-0.07824,-0.33426,1.74348,-0.0827,-0.0806,1.76576,-0.08565,0.1656,1.77553,-0.07942,0.29085,1.78087,-0.22629,0.05946,1.74749,-0.23219,-0.1217,1.68615,-0.19247,-0.28043,1.57773,-0.17356,-0.32666,1.53149,0.06875,0.06966,1.78747,0.1933,-0.0947,1.83265,0.28796,-0.10841,1.62317,0.32028,-0.10769,1.54114,-0.1606,-0.37052,1.46837,-0.17197,-0.31076,1.50149,0.34082,-0.12216,1.48418,0.36762,-0.11155,1.51627,-0.08504,0.10503,1.77516,
-0.07757,-0.33431,1.74354,-0.08206,-0.08067,1.76507,-0.08523,0.16553,1.77413,-0.07866,0.29049,1.77872,-0.22575,0.05931,1.74693,-0.23162,-0.12217,1.68622,-0.19113,-0.27893,1.58164,-0.17323,-0.32573,1.53309,0.0698,0.06787,1.78766,0.16056,-0.12056,1.82228,0.24995,-0.1945,1.67917,0.30237,-0.2092,1.56991,-0.16091,-0.36865,1.4677,-0.17221,-0.30911,1.50337,0.3499,-0.22865,1.49967,0.30198,-0.23854,1.607,-0.08454,0.10496,1.77393,
-0.0774,-0.33438,1.74371,-0.08178,-0.08097,1.76486,-0.08484,0.16487,1.77367,-0.07804,0.28959,1.77658,-0.22527,0.05967,1.74714,-0.23149,-0.12226,1.6869,-0.19112,-0.28195,1.58079,-0.17318,-0.32804,1.53254,0.07159,0.06403,1.78794,0.13878,-0.13709,1.79052,0.18803,-0.268,1.60848,0.21193,-0.32477,1.51731,-0.1605,-0.37071,1.47093,-0.17095,-0.31022,1.50434,0.22836,-0.36598,1.45972,0.2454,-0.36394,1.48085,-0.08419,0.1044,1.77352,
-0.07493,-0.33451,1.74412,-0.0808,-0.08167,1.76485,-0.08502,0.1639,1.77349,-0.07789,0.28908,1.77491,-0.22509,0.05887,1.74785,-0.23169,-0.12208,1.6892,-0.19187,-0.28133,1.57934,-0.17439,-0.32802,1.53265,0.07123,0.06079,1.78222,0.11091,-0.15031,1.73896,0.0886,-0.32003,1.58719,0.06629,-0.4212,1.50706,-0.16298,-0.37065,1.47125,-0.1663,-0.31776,1.49865,0.05812,-0.48391,1.4696,0.10385,-0.42748,1.51691,-0.08413,0.10363,1.77337,
-0.08071,-0.33392,1.74221,-0.08247,-0.08196,1.7638,-0.08496,0.1632,1.77292,-0.0783,0.28858,1.77295,-0.22545,0.05926,1.74903,-0.23198,-0.12216,1.69061,-0.19349,-0.27896,1.58535,-0.17627,-0.33065,1.53304,0.07036,0.0603,1.7761,0.10218,-0.15205,1.72655,0.08276,-0.3265,1.58012,0.06294,-0.42375,1.50401,-0.16147,-0.37089,1.47053,-0.20083,-0.31132,1.518,0.05276,-0.47951,1.4663,0.10435,-0.43148,1.51366,-0.08435,0.103,1.77274,
-0.08196,-0.33389,1.74168,-0.08364,-0.08204,1.76293,-0.08552,0.1629,1.77209,-0.07978,0.28787,1.77073,-0.22583,0.05931,1.74932,-0.23275,-0.1215,1.69115,-0.19698,-0.29533,1.54686,-0.16142,-0.35808,1.49746,0.06908,0.06051,1.77391,0.10111,-0.15166,1.7226,0.08232,-0.32858,1.57924,0.06255,-0.42442,1.50654,-0.13644,-0.39909,1.43865,-0.174,-0.3944,1.44124,0.05485,-0.48076,1.46767,0.10334,-0.42701,1.51778,-0.08509,0.10271,1.77185,
-0.08322,-0.33378,1.74121,-0.08496,-0.08211,1.76229,-0.08657,0.16255,1.77149,-0.08096,0.28791,1.76965,-0.22625,0.05927,1.74951,-0.23286,-0.12174,1.69115,-0.19294,-0.28099,1.57588,-0.17506,-0.33232,1.52944,0.06817,0.06076,1.77336,0.10011,-0.15217,1.72203,0.08174,-0.32959,1.57925,0.06264,-0.42526,1.50727,-0.16212,-0.37508,1.46817,-0.16245,-0.32802,1.48995,0.05421,-0.48093,1.4676,0.10348,-0.42738,1.51771,-0.08623,0.1024,1.77121,
-0.08369,-0.33383,1.74099,-0.08548,-0.08222,1.76202,-0.08702,0.16233,1.77124,-0.08189,0.28788,1.76909,-0.22671,0.05878,1.74964,-0.233,-0.12211,1.69119,-0.19479,-0.28022,1.58013,-0.17587,-0.33088,1.53062,0.0675,0.06099,1.77313,0.0994,-0.15273,1.72127,0.07997,-0.33081,1.57952,0.07245,-0.3752,1.54058,-0.16346,-0.3727,1.4687,-0.16423,-0.32495,1.49234,0.06157,-0.42486,1.48841,0.1052,-0.35793,1.53501,-0.08671,0.10219,1.77095,
-0.08404,-0.33387,1.74102,-0.0862,-0.08222,1.76202,-0.08811,0.16234,1.77127,-0.08238,0.28813,1.769,-0.22723,0.05802,1.74991,-0.23312,-0.12215,1.69133,-0.19549,-0.28095,1.57859,-0.17596,-0.33056,1.53173,0.06692,0.0613,1.77322,0.09906,-0.15291,1.72097,0.08059,-0.33136,1.57959,0.06316,-0.42471,1.50647,-0.16084,-0.37069,1.46974,-0.19706,-0.36446,1.5231,0.05477,-0.48086,1.46754,0.10528,-0.42476,1.51775,-0.08771,0.10219,1.77096,
-0.0842,-0.33386,1.74098,-0.0867,-0.08218,1.76188,-0.08896,0.16238,1.77101,-0.0829,0.28839,1.76879,-0.22755,0.05774,1.75007,-0.23335,-0.12226,1.69164,-0.19586,-0.28184,1.57539,-0.17631,-0.33022,1.53219,0.06659,0.06147,1.77327,0.09868,-0.15293,1.72072,0.08039,-0.33157,1.57955,0.0701,-0.39222,1.52749,-0.16237,-0.3715,1.46998,-0.19738,-0.36494,1.52769,0.05887,-0.4428,1.47853,0.10734,-0.42051,1.521,-0.08848,0.10223,1.77072,


***************************************Here**********************************************

