0.03815,-0.41636,1.48162,0.0302,-0.14908,1.47932,0.02357,0.10938,1.46283,0.02645,0.24305,1.44734,-0.10308,0.01594,1.44757,-0.0943,-0.16907,1.35208,-0.04252,-0.2824,1.21828,-0.04063,-0.32885,1.15644,0.1783,0.02632,1.45798,0.19006,-0.15866,1.38328,0.1462,-0.28566,1.23594,0.11853,-0.33352,1.14426,-0.05256,-0.3663,1.08606,-0.01203,-0.33568,1.112,0.10802,-0.35974,1.07703,0.07609,-0.32299,1.1218,0.02515,0.046,1.46923,
0.03866,-0.4166,1.48045,0.0313,-0.14939,1.47853,0.02492,0.10909,1.46242,0.0292,0.24255,1.44581,-0.10226,0.01572,1.44706,-0.09339,-0.16892,1.35145,-0.04237,-0.28305,1.21658,-0.04221,-0.31729,1.17405,0.1818,0.02602,1.45879,0.19094,-0.1593,1.38269,0.14685,-0.28536,1.23762,0.11935,-0.33212,1.14652,-0.05135,-0.35383,1.10481,-0.00684,-0.31626,1.16451,0.10759,-0.35803,1.07742,0.0803,-0.32364,1.11758,0.02645,0.0457,1.46875,
0.03831,-0.41639,1.48093,0.03162,-0.14945,1.47861,0.0257,0.10891,1.46246,0.03004,0.24254,1.44575,-0.10201,0.01579,1.44698,-0.09315,-0.16883,1.35137,-0.04322,-0.28427,1.21648,-0.03844,-0.34183,1.13577,0.18282,0.02595,1.4591,0.19179,-0.15992,1.38254,0.14705,-0.28538,1.23776,0.11967,-0.333,1.14627,-0.04531,-0.37863,1.06667,0.00462,-0.33874,1.10902,0.10804,-0.35895,1.0783,0.08059,-0.3254,1.11427,0.02709,0.04556,1.46881,
0.03806,-0.41637,1.48122,0.03186,-0.1495,1.47868,0.02636,0.10874,1.46236,0.03117,0.24217,1.44493,-0.10172,0.01588,1.44692,-0.09288,-0.16878,1.35125,-0.04299,-0.28441,1.21602,-0.03998,-0.33479,1.14818,0.18334,0.02561,1.45908,0.19229,-0.16059,1.38203,0.14243,-0.30434,1.20745,0.10836,-0.36044,1.09781,-0.04746,-0.37328,1.07743,-0.00485,-0.33353,1.11033,0.0945,-0.39231,1.04058,0.07681,-0.33359,1.10324,0.02764,0.04542,1.46877,
0.03763,-0.4162,1.48205,0.032,-0.1495,1.47896,0.02688,0.10864,1.46239,0.03146,0.24206,1.44472,-0.10152,0.01597,1.44688,-0.09267,-0.16858,1.35129,-0.03447,-0.31372,1.17747,-0.0394,-0.33449,1.148,0.1838,0.02556,1.45925,0.19249,-0.16069,1.382,0.14712,-0.28884,1.23811,0.12809,-0.29779,1.22153,-0.04651,-0.37332,1.07807,-0.00256,-0.33378,1.11071,0.06019,-0.33582,1.15602,0.10456,-0.30061,1.22519,0.02806,0.04535,1.46887,
0.03746,-0.41612,1.48383,0.03217,-0.14951,1.47966,0.02707,0.10862,1.4625,0.0313,0.24209,1.44462,-0.10231,0.01512,1.44652,-0.09254,-0.16835,1.35156,-0.04287,-0.28459,1.21624,-0.04095,-0.33524,1.14793,0.18409,0.02554,1.45938,0.19268,-0.16125,1.38184,0.1471,-0.2879,1.23908,0.12767,-0.29906,1.21867,-0.04708,-0.37317,1.07742,-0.0052,-0.33378,1.11351,0.06315,-0.33178,1.15278,0.10144,-0.30308,1.21722,0.02826,0.04532,1.46905,
0.03713,-0.41608,1.48429,0.03202,-0.14953,1.47989,0.027,0.1086,1.46253,0.02994,0.24256,1.44625,-0.10211,0.01518,1.44662,-0.09268,-0.16837,1.35177,-0.03521,-0.31421,1.17835,-0.04137,-0.33535,1.14606,0.18296,0.02521,1.45911,0.19307,-0.16186,1.38155,0.14755,-0.28696,1.24187,0.13031,-0.30664,1.202,-0.049,-0.37367,1.07622,-0.0018,-0.3331,1.11872,0.08945,-0.33284,1.13024,0.10732,-0.29668,1.20575,0.0282,0.0453,1.46911,
0.02228,-0.41523,1.49077,0.0264,-0.14769,1.48264,0.02682,0.11099,1.46265,0.02911,0.24498,1.44823,-0.10202,0.01539,1.44654,-0.09558,-0.16716,1.35262,-0.03633,-0.31294,1.17976,-0.04237,-0.35328,1.11612,0.18164,0.02438,1.45731,0.20886,-0.18192,1.34649,0.17708,-0.28958,1.21266,0.14089,-0.31703,1.10195,-0.04534,-0.3922,1.05208,-0.00467,-0.33922,1.09552,0.108,-0.31113,1.02336,0.15604,-0.25502,1.07244,0.02712,0.04741,1.46962,
0.02795,-0.41123,1.48628,0.02775,-0.1414,1.48208,0.02846,0.12066,1.46372,0.02927,0.25135,1.45072,-0.10179,0.01661,1.4455,-0.10145,-0.1645,1.35099,-0.03955,-0.31111,1.17981,-0.03868,-0.35635,1.10592,0.18171,0.02572,1.45665,0.23673,-0.1611,1.39986,0.11983,-0.12389,1.19962,0.10377,-0.11432,1.18672,-0.03313,-0.39026,1.04385,-0.00215,-0.33841,1.10002,0.0683,-0.08269,1.16709,0.10508,-0.07209,1.236,0.02833,0.05623,1.47044,
0.03222,-0.4093,1.48465,0.0307,-0.13674,1.48204,0.02966,0.12851,1.4655,0.03056,0.26418,1.46336,-0.10151,0.01926,1.44491,-0.11729,-0.1555,1.35964,-0.04796,-0.30055,1.18996,-0.02734,-0.3687,1.08339,0.18276,0.03035,1.45618,0.23649,-0.17625,1.4017,0.12629,-0.07397,1.27196,0.10655,-0.05379,1.29249,-0.01223,-0.40193,1.03446,0.01472,-0.35158,1.08172,0.07128,-0.03032,1.30264,0.11309,-0.00075,1.30527,0.03002,0.06329,1.47175,
0.03365,-0.40932,1.48503,0.03179,-0.1353,1.48321,0.03019,0.13134,1.46772,0.03,0.26753,1.46839,-0.10211,0.02039,1.44538,-0.13074,-0.15144,1.37238,-0.05684,-0.29071,1.21816,-0.042,-0.31478,1.16889,0.17948,0.03254,1.45687,0.23396,-0.17787,1.40782,0.11704,-0.06308,1.29558,0.10722,-0.05538,1.31236,-0.02595,-0.33699,1.10066,-0.03291,-0.29715,1.14584,0.07431,-0.02567,1.31179,0.10687,0.00485,1.33681,0.03069,0.06585,1.47373,
0.03578,-0.40799,1.48796,0.0306,-0.1323,1.48755,0.02462,0.1355,1.47423,0.02639,0.27213,1.47738,-0.11403,0.02683,1.45447,-0.14684,-0.14986,1.38688,-0.05401,-0.28679,1.2297,-0.0316,-0.31869,1.18003,0.17418,0.05685,1.47686,0.23165,-0.15933,1.41072,0.11479,-0.04255,1.27718,0.11384,-0.02433,1.26786,-0.00614,-0.34568,1.11942,0.00726,-0.32697,1.13071,0.07054,0.0356,1.24737,0.13297,0.01987,1.29788,0.02628,0.06978,1.47973,
0.03492,-0.40073,1.50158,0.03051,-0.1266,1.50023,0.02561,0.13872,1.48556,0.02266,0.27197,1.48154,-0.11338,0.02502,1.4555,-0.15066,-0.14693,1.39736,-0.08271,-0.26687,1.29177,-0.05221,-0.31099,1.21519,0.162,0.04943,1.47808,0.25681,-0.08481,1.351,0.2033,0.09131,1.27881,0.18662,0.12526,1.27525,-0.03924,-0.33333,1.14773,-0.03683,-0.30072,1.17405,0.17469,0.20277,1.28789,0.19381,0.14412,1.24747,0.02682,0.07367,1.49141,
0.03306,-0.3968,1.50768,0.03267,-0.1263,1.50241,0.03519,0.13402,1.48332,0.02581,0.26856,1.48317,-0.10554,0.02607,1.45791,-0.14846,-0.14566,1.40113,-0.08345,-0.26484,1.29267,-0.05383,-0.31032,1.21676,0.16307,0.05041,1.47843,0.2457,0.00205,1.32622,0.15992,0.18014,1.32651,0.16359,0.17184,1.32779,-0.04462,-0.33383,1.14889,-0.03985,-0.29987,1.17845,0.12502,0.21397,1.34134,0.15146,0.15534,1.3742,0.03438,0.07039,1.49059,
0.0314,-0.39521,1.51019,0.03341,-0.12528,1.50543,0.03735,0.13506,1.48818,0.02925,0.27097,1.49288,-0.10499,0.03268,1.46754,-0.14792,-0.14423,1.40505,-0.08482,-0.26261,1.29445,-0.0555,-0.31101,1.21649,0.16413,0.04819,1.48101,0.24514,0.00624,1.32589,0.15967,0.17769,1.32818,0.16342,0.1707,1.33176,-0.05014,-0.33755,1.14631,-0.03355,-0.31021,1.16042,0.12515,0.21612,1.35223,0.14827,0.15474,1.38163,0.03627,0.07127,1.49473,
0.03003,-0.39347,1.51205,0.03253,-0.123,1.5125,0.03383,0.13843,1.50209,0.02871,0.27065,1.49674,-0.11045,0.03426,1.4773,-0.14729,-0.14436,1.40789,-0.08505,-0.26212,1.29608,-0.05559,-0.31177,1.21836,0.16474,0.0454,1.48988,0.23844,0.01312,1.32855,0.19933,0.17144,1.27488,0.18194,0.21684,1.28269,-0.0521,-0.34023,1.14704,-0.04407,-0.30002,1.17944,0.17165,0.29418,1.30415,0.16457,0.19806,1.33323,0.03374,0.07432,1.50678,
0.02828,-0.39142,1.5135,0.03282,-0.12031,1.5174,0.03869,0.14228,1.51025,0.02935,0.26658,1.49617,-0.10209,0.04888,1.48664,-0.14521,-0.14329,1.40993,-0.08342,-0.26152,1.2961,-0.05241,-0.31193,1.21769,0.16497,0.04158,1.49206,0.20709,0.05353,1.30419,0.15184,0.20744,1.25261,0.12785,0.22508,1.25479,-0.04697,-0.33997,1.14541,-0.03441,-0.30711,1.1678,0.08378,0.3074,1.26627,0.17861,0.21105,1.309,0.03704,0.07786,1.51417,
0.02649,-0.39265,1.51325,0.03303,-0.123,1.51565,0.04072,0.13485,1.50199,0.02941,0.25689,1.48904,-0.10152,0.04916,1.49029,-0.1429,-0.14554,1.41089,-0.07432,-0.2629,1.28977,-0.0519,-0.31068,1.2183,0.16409,0.02821,1.4938,0.19573,0.0591,1.28614,0.12767,0.21262,1.25871,0.0972,0.24132,1.28703,-0.04859,-0.34033,1.14608,-0.03405,-0.30549,1.16981,0.0483,0.31856,1.29779,0.09529,0.23576,1.32033,0.03865,0.0718,1.50775,
0.02622,-0.39236,1.51344,0.03455,-0.12534,1.51151,0.04325,0.13111,1.49256,0.0306,0.25984,1.48814,-0.10166,0.05276,1.49008,-0.14108,-0.14465,1.41197,-0.07592,-0.26269,1.29128,-0.05328,-0.31154,1.21638,0.15917,0.04714,1.48581,0.20288,0.05897,1.27798,0.17532,0.22504,1.26483,0.17266,0.25817,1.27049,-0.04932,-0.33793,1.14572,-0.02372,-0.319,1.14421,0.1802,0.33897,1.30055,0.14667,0.23826,1.31765,0.04114,0.06826,1.49966,
0.02654,-0.39248,1.51374,0.03478,-0.12659,1.50927,0.04257,0.12955,1.48813,0.02787,0.25448,1.47737,-0.10254,0.05144,1.48687,-0.14028,-0.1475,1.40935,-0.06357,-0.28345,1.26714,-0.05342,-0.31099,1.21675,0.15752,0.05169,1.48219,0.19091,0.04811,1.26772,0.13643,0.20609,1.23379,0.09601,0.22507,1.24156,-0.04774,-0.33579,1.14525,-0.0352,-0.30751,1.16356,0.05307,0.29434,1.24927,0.07808,0.18752,1.25913,0.04074,0.06673,1.49572,
0.02649,-0.39301,1.51355,0.03394,-0.12806,1.50658,0.04073,0.1281,1.48379,0.02801,0.25563,1.47319,-0.10185,0.04953,1.48147,-0.1403,-0.14973,1.40846,-0.06665,-0.285,1.26211,-0.05539,-0.31193,1.21615,0.15608,0.05207,1.47943,0.19062,0.05071,1.26972,0.14244,0.21233,1.25732,0.13877,0.23713,1.28247,-0.05104,-0.33842,1.14502,-0.02597,-0.31878,1.14408,0.12344,0.30822,1.30215,0.11715,0.2091,1.30687,0.03914,0.06524,1.49176,
0.02881,-0.39404,1.51196,0.0323,-0.12793,1.50527,0.03086,0.13093,1.4848,0.02644,0.26331,1.47866,-0.1084,0.04334,1.47805,-0.14308,-0.15946,1.39783,-0.07916,-0.27506,1.28468,-0.05694,-0.31196,1.2148,0.15715,0.05449,1.47593,0.20094,-0.07521,1.29846,0.21837,0.11697,1.21759,0.21525,0.15593,1.20342,-0.04772,-0.33358,1.14196,-0.04111,-0.30605,1.16565,0.23513,0.22177,1.18952,0.18188,0.16294,1.2438,0.03158,0.06732,1.49199,
0.02981,-0.39832,1.50382,0.02902,-0.12909,1.50187,0.026,0.13124,1.48461,0.02536,0.26597,1.48032,-0.10985,0.04241,1.47791,-0.14271,-0.15775,1.39859,-0.06089,-0.2907,1.25463,-0.05252,-0.31456,1.20836,0.16016,0.05054,1.47299,0.18189,-0.14661,1.40767,0.17016,-0.11069,1.17573,0.18968,-0.09372,1.06112,-0.04715,-0.33713,1.13552,-0.02338,-0.31931,1.136,0.191,-0.06616,0.99364,0.19402,-0.06021,1.06083,0.02704,0.06731,1.49101,
0.02568,-0.40608,1.48538,0.02504,-0.13256,1.49012,0.02364,0.13096,1.47818,0.0253,0.26717,1.47903,-0.11631,0.02619,1.45855,-0.12773,-0.15765,1.38214,-0.05549,-0.28721,1.25111,-0.04346,-0.30656,1.2127,0.16614,0.04078,1.46467,0.20337,-0.14594,1.38627,0.15105,-0.26026,1.2311,0.1283,-0.30945,1.12499,0.00444,-0.33192,1.14849,-0.02955,-0.28597,1.22145,0.10613,-0.3356,1.06238,0.0828,-0.31498,1.09722,0.02424,0.06635,1.48362,
0.03539,-0.41079,1.47673,0.02961,-0.13419,1.48107,0.02418,0.13254,1.47051,0.02828,0.26771,1.46678,-0.11511,0.02726,1.45728,-0.1262,-0.15797,1.37683,-0.05246,-0.28658,1.24805,-0.04129,-0.30832,1.20899,0.17331,0.0337,1.4527,0.20374,-0.14776,1.38255,0.14906,-0.28244,1.22201,0.13298,-0.31707,1.16642,0.00103,-0.32968,1.14533,-0.02929,-0.2868,1.21787,0.12384,-0.34428,1.10199,0.1025,-0.31382,1.18012,0.02558,0.06718,1.4755,
0.03841,-0.41345,1.47113,0.03225,-0.13576,1.47563,0.02617,0.13238,1.46579,0.02845,0.26713,1.4611,-0.11473,0.02778,1.45667,-0.12695,-0.15996,1.37342,-0.0516,-0.28647,1.24706,-0.03864,-0.30907,1.20938,0.17669,0.03143,1.44668,0.20696,-0.14609,1.37922,0.14849,-0.28407,1.22146,0.1264,-0.31691,1.16941,-0.00278,-0.32847,1.14311,-0.02725,-0.28662,1.21984,0.10814,-0.34126,1.1065,0.09855,-0.31505,1.14295,0.02772,0.06667,1.47053,
0.03819,-0.41393,1.46745,0.03185,-0.13634,1.47235,0.02549,0.13193,1.46284,0.02779,0.26648,1.45756,-0.1148,0.02833,1.45576,-0.12807,-0.16051,1.37055,-0.04941,-0.28717,1.24263,-0.03459,-0.31067,1.20332,0.17753,0.03028,1.44425,0.20764,-0.14461,1.37897,0.14755,-0.28489,1.22316,0.1211,-0.31438,1.1777,0.00521,-0.33117,1.14054,-0.01937,-0.29338,1.21533,0.0821,-0.34347,1.11915,0.10341,-0.29877,1.1805,0.02714,0.06619,1.46758,
0.03768,-0.41339,1.46746,0.03146,-0.13641,1.47199,0.02523,0.13094,1.46234,0.02693,0.26651,1.45686,-0.11549,0.02802,1.45466,-0.12845,-0.16145,1.36915,-0.0496,-0.28671,1.2433,-0.03458,-0.31043,1.20388,0.17739,0.03016,1.44407,0.2072,-0.14356,1.37933,0.14443,-0.2865,1.22173,0.12131,-0.31838,1.16892,0.0081,-0.33152,1.14073,-0.02342,-0.29007,1.21827,0.10083,-0.34198,1.1083,0.09615,-0.3137,1.14213,0.02683,0.06546,1.46709,


***************************************Here**********************************************

