0.0524,-0.35962,1.40943,0.04311,-0.08699,1.41846,0.03375,0.17552,1.4136,0.03088,0.31172,1.4188,-0.12966,0.03382,1.37658,-0.13237,-0.18674,1.32674,-0.08404,-0.37194,1.20795,-0.09448,-0.40553,1.16535,0.19504,0.04811,1.37696,0.22176,-0.17007,1.32341,0.14853,-0.32213,1.17204,0.1161,-0.34794,1.11799,-0.07776,-0.48099,1.13305,-0.11695,-0.42118,1.18488,0.08768,-0.37627,1.04755,0.141,-0.35573,1.07138,0.03611,0.1113,1.41701,
0.05229,-0.35959,1.40934,0.04307,-0.08699,1.41839,0.03377,0.17552,1.41352,0.03095,0.31169,1.41855,-0.12954,0.03395,1.37662,-0.1324,-0.18662,1.32689,-0.04204,-0.32433,1.17097,-0.0229,-0.34859,1.12343,0.19502,0.04803,1.37684,0.22183,-0.17017,1.3235,0.14834,-0.3219,1.17191,0.11588,-0.34849,1.11671,0.02828,-0.3829,1.05382,-0.0593,-0.37449,1.0993,0.08509,-0.37704,1.04936,0.15224,-0.35822,1.08788,0.03611,0.11129,1.41693,
0.05255,-0.35966,1.40933,0.04316,-0.08703,1.41833,0.0338,0.17549,1.41342,0.03102,0.31177,1.41869,-0.12952,0.03384,1.37657,-0.13242,-0.18675,1.32697,-0.08401,-0.37179,1.20795,-0.09389,-0.40542,1.16476,0.19502,0.04798,1.37674,0.22178,-0.17025,1.32351,0.14814,-0.32173,1.17172,0.11585,-0.3485,1.11645,-0.0774,-0.47936,1.12928,-0.11719,-0.41923,1.18546,0.08516,-0.3768,1.04939,0.14312,-0.35575,1.07407,0.03616,0.11126,1.41684,
0.05257,-0.35974,1.40917,0.04319,-0.08707,1.41822,0.03387,0.17548,1.41332,0.03112,0.3118,1.41868,-0.12946,0.03386,1.37655,-0.13238,-0.18674,1.32697,-0.08413,-0.37177,1.20787,-0.09393,-0.40522,1.16494,0.19499,0.04789,1.37657,0.22183,-0.17035,1.3235,0.14813,-0.32169,1.1716,0.116,-0.34799,1.11697,-0.07765,-0.48034,1.13052,-0.11988,-0.41419,1.19455,0.08574,-0.37641,1.04857,0.15796,-0.35628,1.10677,0.03622,0.11124,1.41675,
0.05254,-0.35979,1.40886,0.04321,-0.08712,1.41803,0.03391,0.17545,1.41323,0.03114,0.31188,1.41867,-0.12942,0.03389,1.37655,-0.13224,-0.18669,1.32688,-0.04169,-0.32414,1.17084,-0.02326,-0.34802,1.12336,0.19501,0.04787,1.37652,0.22201,-0.17038,1.32361,0.14807,-0.32154,1.17165,0.1157,-0.348,1.11659,0.02484,-0.38402,1.05381,-0.05919,-0.374,1.0989,0.08297,-0.3767,1.04938,0.15201,-0.35558,1.08929,0.03625,0.11121,1.41663,
0.0527,-0.35985,1.40882,0.04329,-0.08719,1.41798,0.03396,0.17539,1.41318,0.0311,0.31162,1.41828,-0.12939,0.03387,1.37661,-0.13012,-0.18656,1.32578,-0.04122,-0.32527,1.16993,-0.02454,-0.34838,1.12282,0.19501,0.04783,1.37643,0.22235,-0.17045,1.32401,0.14796,-0.32119,1.17183,0.11552,-0.34848,1.11564,0.00489,-0.37395,1.05735,-0.0592,-0.37491,1.09874,0.08382,-0.37701,1.04998,0.14855,-0.35829,1.08053,0.03631,0.11114,1.41658,
0.05179,-0.35905,1.40822,0.04292,-0.08714,1.41779,0.03372,0.17501,1.41317,0.03085,0.31162,1.41855,-0.12845,0.03543,1.37805,-0.11814,-0.18261,1.31577,-0.08992,-0.36672,1.18859,-0.08727,-0.40408,1.15047,0.19482,0.04778,1.37632,0.22469,-0.17058,1.32648,0.15343,-0.3199,1.17133,0.11224,-0.35451,1.09517,-0.07241,-0.47011,1.11516,-0.11252,-0.42096,1.1809,0.08198,-0.39249,1.02917,0.15871,-0.35923,1.07754,0.03606,0.11089,1.41652,
0.04487,-0.35743,1.40574,0.04107,-0.08682,1.41721,0.03948,0.17385,1.41577,0.0298,0.31156,1.41931,-0.12824,0.03787,1.37845,-0.11447,-0.17985,1.31169,-0.09082,-0.36971,1.1929,-0.09083,-0.40956,1.1547,0.20069,0.04718,1.38194,0.29395,-0.16604,1.3673,0.18985,-0.18779,1.12878,0.16579,-0.17924,1.09962,-0.07531,-0.48332,1.13288,-0.10871,-0.45059,1.1686,0.10798,-0.17691,1.00127,0.11148,-0.21157,1.1176,0.03959,0.1101,1.41813,
0.04743,-0.35727,1.40822,0.04093,-0.0867,1.4172,0.03492,0.17396,1.41286,0.02921,0.31125,1.41915,-0.12783,0.03865,1.37551,-0.11416,-0.17924,1.30852,-0.08739,-0.36905,1.1903,-0.08721,-0.40671,1.15323,0.20356,0.05372,1.38568,0.23732,-0.13347,1.25585,0.16099,-0.04748,1.20816,0.12078,0.00654,1.19571,-0.07435,-0.47232,1.12649,-0.1113,-0.42414,1.18179,0.07227,0.04184,1.20132,0.09639,-0.03668,1.26073,0.03679,0.11021,1.41638,
0.04815,-0.359,1.41063,0.04078,-0.08751,1.41766,0.03379,0.17333,1.41189,0.02846,0.31102,1.41992,-0.12783,0.0389,1.37531,-0.11368,-0.17907,1.30853,-0.08629,-0.36909,1.19083,-0.0855,-0.40793,1.15361,0.20469,0.05165,1.38473,0.27835,-0.1556,1.33516,0.13752,-0.00836,1.23577,0.12661,-0.00302,1.25388,-0.07088,-0.47557,1.12237,-0.1102,-0.42568,1.18442,0.09465,0.03542,1.24287,0.17609,-0.0011,1.21274,0.03585,0.10952,1.41575,
0.04866,-0.35979,1.41204,0.0407,-0.0884,1.41854,0.03312,0.17261,1.41214,0.02787,0.31004,1.41988,-0.12825,0.03841,1.37657,-0.11357,-0.17895,1.30947,-0.08599,-0.36829,1.19064,-0.08727,-0.40692,1.15189,0.20481,0.05073,1.38488,0.27041,-0.15821,1.32932,0.1729,-0.03329,1.26277,0.12982,0.01825,1.23638,-0.07327,-0.47768,1.12177,-0.11104,-0.42463,1.18259,0.07944,0.06107,1.22877,0.07343,-0.01772,1.28389,0.03525,0.10877,1.41606,
0.04868,-0.35892,1.41399,0.0402,-0.08854,1.42024,0.03184,0.1717,1.41355,0.02699,0.30876,1.41943,-0.12828,0.03824,1.37709,-0.11431,-0.17873,1.31087,-0.08597,-0.36743,1.19113,-0.08857,-0.40391,1.15181,0.1934,0.0544,1.39479,0.28666,-0.1471,1.36633,0.24176,-0.01244,1.18806,0.24326,-0.02236,1.18216,-0.07621,-0.46916,1.11635,-0.11048,-0.42433,1.18057,0.25104,0.02132,1.12188,0.22789,0.02113,1.22925,0.0341,0.10806,1.41745,
0.04783,-0.35514,1.41701,0.03836,-0.08849,1.42462,0.02812,0.16778,1.42013,0.02337,0.30661,1.42505,-0.13041,0.03694,1.38499,-0.1145,-0.17893,1.31507,-0.04506,-0.33281,1.16397,-0.03775,-0.35483,1.11659,0.19381,0.05504,1.40599,0.24799,-0.18903,1.44598,0.27525,-0.24823,1.18489,0.2781,-0.28069,1.1615,-0.03319,-0.37282,1.07208,-0.07348,-0.38135,1.10775,0.2956,-0.30208,1.08246,0.24488,-0.24222,1.15973,0.0308,0.10521,1.42336,
0.04957,-0.35231,1.42021,0.03856,-0.08773,1.42985,0.02714,0.16675,1.42724,0.02338,0.30582,1.43386,-0.12994,0.03802,1.3903,-0.1141,-0.17782,1.32099,-0.04929,-0.33234,1.16875,-0.04621,-0.35483,1.12315,0.1949,0.05418,1.40657,0.26113,-0.16078,1.4127,0.27805,-0.26865,1.18906,0.28307,-0.29601,1.16376,-0.04376,-0.37494,1.0781,-0.08118,-0.37585,1.13023,0.3029,-0.31977,1.09014,0.28751,-0.34431,1.16595,0.03006,0.10454,1.42998,
0.04991,-0.35032,1.42381,0.04015,-0.08609,1.43469,0.03057,0.16832,1.43319,0.02575,0.30567,1.43897,-0.12852,0.03796,1.39042,-0.14272,-0.18406,1.35982,-0.05374,-0.25936,1.16423,-0.03093,-0.26278,1.13097,0.19859,0.0534,1.41976,0.26972,-0.1559,1.4267,0.2707,-0.21307,1.20048,0.26013,-0.20743,1.16247,0.01802,-0.25415,1.04856,-0.03063,-0.33272,1.15559,0.24065,-0.21681,1.09462,0.23134,-0.2496,1.1767,0.03296,0.10606,1.43562,
0.05237,-0.34927,1.42993,0.04313,-0.08506,1.43861,0.03382,0.16977,1.4352,0.02968,0.30637,1.44123,-0.12547,0.03885,1.39493,-0.16681,-0.18136,1.39184,-0.06153,-0.0669,1.2185,-0.03234,-0.02263,1.19419,0.19585,0.05916,1.41592,0.26629,-0.15066,1.37812,0.22746,-0.07688,1.25741,0.2027,-0.02998,1.20519,-0.01522,0.01494,1.15949,0.00578,0.01087,1.2425,0.19504,0.00113,1.16669,0.15748,-0.01809,1.269,0.03606,0.10732,1.43801,
0.05308,-0.3526,1.43342,0.0456,-0.08709,1.44255,0.03825,0.16891,1.43901,0.03556,0.30569,1.44442,-0.12597,0.04415,1.39966,-0.16856,-0.18336,1.36833,-0.05994,-0.0253,1.24764,-0.01836,0.00949,1.2455,0.20521,0.058,1.40882,0.27643,-0.15233,1.38498,0.12902,0.02495,1.24479,0.08486,0.03929,1.24386,0.02235,0.04944,1.21733,-0.05818,0.03842,1.29412,0.02053,0.05162,1.21557,0.05252,0.01542,1.19066,0.04005,0.10618,1.44197,
0.05395,-0.35451,1.4358,0.04699,-0.08809,1.44434,0.04001,0.1687,1.43998,0.03873,0.30507,1.44536,-0.12554,0.04432,1.39751,-0.17462,-0.18531,1.40306,-0.0673,-0.0384,1.26144,-0.01498,-0.00388,1.2441,0.20542,0.05709,1.40744,0.27257,-0.15476,1.39165,0.13296,0.00965,1.23635,0.10436,0.02414,1.24017,0.00485,0.0526,1.22714,-0.04846,0.0365,1.30029,0.01912,0.0413,1.22815,0.02363,-0.00614,1.21206,0.04174,0.1058,1.44316,
0.05525,-0.35255,1.43642,0.04819,-0.08783,1.44452,0.04174,0.16782,1.43958,0.04089,0.30412,1.44251,-0.12231,0.04065,1.3985,-0.14233,-0.17819,1.34673,0.01014,-0.11755,1.18953,0.07128,-0.10431,1.1676,0.20659,0.05376,1.41282,0.26737,-0.15691,1.36099,0.09358,-0.08698,1.21166,0.03876,-0.1017,1.17022,0.14143,-0.1091,1.14661,0.05091,-0.07462,1.19228,-0.01155,-0.10361,1.14985,0.02323,-0.13601,1.12412,0.04328,0.10523,1.44297,
0.05453,-0.36307,1.41657,0.04922,-0.09163,1.43283,0.04406,0.16733,1.43375,0.04435,0.30425,1.43736,-0.1203,0.0404,1.38982,-0.11183,-0.17708,1.32641,-0.02469,-0.30046,1.15721,0.00772,-0.34301,1.10166,0.20389,0.05185,1.4045,0.22592,-0.16378,1.33845,0.14534,-0.29246,1.16985,0.11328,-0.33752,1.0956,0.04404,-0.37413,1.0358,-0.02559,-0.34243,1.06361,0.09538,-0.37123,1.04349,0.07578,-0.32907,1.11285,0.04551,0.10393,1.43637,
0.05913,-0.36786,1.41812,0.05215,-0.09554,1.42483,0.04479,0.16707,1.41318,0.04597,0.30435,1.41584,-0.11728,0.04055,1.37939,-0.10562,-0.17666,1.3152,-0.0227,-0.31896,1.15986,0.01804,-0.35968,1.08337,0.20233,0.05133,1.39376,0.21883,-0.16586,1.33195,0.14249,-0.30902,1.1738,0.10778,-0.3567,1.09487,0.05782,-0.39472,1.03446,-0.02053,-0.35151,1.0523,0.07732,-0.39213,1.03305,0.07508,-0.3439,1.11977,0.04679,0.1026,1.41846,
0.05985,-0.36932,1.41715,0.05182,-0.09741,1.41741,0.04269,0.16568,1.40105,0.04345,0.30225,1.40001,-0.11659,0.04025,1.37053,-0.10467,-0.17752,1.30871,-0.02053,-0.32574,1.15999,0.02173,-0.36322,1.07965,0.20152,0.04982,1.38316,0.21502,-0.16771,1.32166,0.1407,-0.31691,1.16843,0.10384,-0.36136,1.08747,0.06377,-0.39832,1.0289,-0.01113,-0.36365,1.04425,0.07388,-0.39612,1.02718,0.06765,-0.34905,1.10805,0.04508,0.10118,1.40738,
0.05997,-0.37006,1.41644,0.04969,-0.09844,1.41284,0.03806,0.16438,1.3937,0.03933,0.30033,1.38889,-0.12057,0.04083,1.36676,-0.10399,-0.17603,1.30212,-0.07923,-0.37358,1.19893,-0.07142,-0.38773,1.14113,0.20075,0.05023,1.38247,0.21397,-0.16701,1.31959,0.14377,-0.32529,1.1741,0.10725,-0.3588,1.09545,-0.06529,-0.40627,1.09567,-0.09627,-0.39722,1.15773,0.07501,-0.3926,1.03483,0.06816,-0.34645,1.1135,0.04105,0.1,1.40069,
0.06003,-0.37041,1.4161,0.04878,-0.09892,1.41133,0.0362,0.1636,1.39132,0.03671,0.29939,1.38485,-0.12211,0.03995,1.36296,-0.10468,-0.17744,1.30087,-0.08013,-0.37539,1.1985,-0.07424,-0.39105,1.14175,0.19982,0.05074,1.38196,0.21249,-0.16644,1.31858,0.14071,-0.32699,1.17656,0.10617,-0.35649,1.10043,-0.06219,-0.44016,1.08029,-0.09289,-0.42213,1.14025,0.07051,-0.39166,1.0375,0.06702,-0.34695,1.11275,0.03942,0.09931,1.39854,
0.05996,-0.37069,1.41588,0.04853,-0.09903,1.41102,0.03611,0.16359,1.39127,0.03456,0.29854,1.38334,-0.12404,0.04025,1.36317,-0.10538,-0.17711,1.30085,-0.08075,-0.37554,1.19953,-0.07383,-0.39229,1.14255,0.19749,0.05066,1.37831,0.21182,-0.16713,1.31818,0.13981,-0.32745,1.17601,0.10372,-0.35924,1.09811,-0.06221,-0.44757,1.0806,-0.09308,-0.42211,1.14184,0.06983,-0.39469,1.03546,0.06638,-0.34707,1.11234,0.03928,0.09929,1.39842,
0.05996,-0.37081,1.41579,0.04751,-0.0993,1.4102,0.03376,0.16302,1.38967,0.03352,0.29822,1.38239,-0.125,0.04046,1.36285,-0.10644,-0.17714,1.30084,-0.08112,-0.37596,1.20055,-0.05785,-0.38605,1.11045,0.19737,0.05097,1.37897,0.21118,-0.16669,1.3181,0.13683,-0.32889,1.17947,0.10114,-0.35609,1.10403,-0.03832,-0.41004,1.03267,-0.08211,-0.41689,1.1036,0.06106,-0.39485,1.04062,0.06622,-0.34653,1.1173,0.03724,0.09879,1.397,
0.05994,-0.37087,1.41577,0.04741,-0.09934,1.41006,0.03384,0.163,1.38951,0.03322,0.29797,1.38139,-0.12541,0.04081,1.36271,-0.10715,-0.17702,1.30055,-0.08142,-0.37613,1.201,-0.0561,-0.38423,1.1073,0.19736,0.05111,1.3793,0.21082,-0.16651,1.3181,0.13715,-0.32899,1.17944,0.10248,-0.35587,1.10541,-0.03854,-0.4104,1.03279,-0.08334,-0.41502,1.10743,0.0658,-0.39315,1.04286,0.06498,-0.34778,1.11399,0.03723,0.09876,1.39683,
0.06001,-0.37092,1.41568,0.04737,-0.09938,1.40981,0.03384,0.16293,1.38918,0.03354,0.29775,1.38015,-0.12536,0.04121,1.36284,-0.1076,-0.17703,1.30014,-0.07994,-0.37539,1.19951,-0.05435,-0.38359,1.10217,0.19741,0.0511,1.37943,0.21039,-0.16651,1.31801,0.13932,-0.32815,1.17693,0.10445,-0.35724,1.1015,-0.03528,-0.41109,1.02745,-0.08502,-0.41151,1.11023,0.0673,-0.39422,1.03604,0.06654,-0.34998,1.12026,0.03721,0.0987,1.39652,
0.06005,-0.37096,1.4156,0.04725,-0.09949,1.40927,0.03376,0.16275,1.38826,0.03458,0.29754,1.37945,-0.12528,0.04191,1.3637,-0.10672,-0.17802,1.29838,-0.07934,-0.37695,1.19892,-0.05378,-0.38442,1.10089,0.19703,0.04972,1.3765,0.21056,-0.16843,1.31785,0.13895,-0.32901,1.1758,0.10369,-0.35767,1.1008,-0.03372,-0.4099,1.02637,-0.08358,-0.40901,1.108,0.06904,-0.39274,1.03704,0.06164,-0.35198,1.11504,0.03711,0.09853,1.39569,
0.06016,-0.37101,1.41546,0.04726,-0.09965,1.40872,0.03376,0.16244,1.38745,0.036,0.29733,1.37837,-0.12517,0.04234,1.36417,-0.10745,-0.17721,1.29844,-0.07871,-0.37567,1.19834,-0.05373,-0.38319,1.10145,0.19732,0.04961,1.37626,0.21028,-0.16866,1.31801,0.14023,-0.32866,1.17448,0.10605,-0.35813,1.09849,-0.03333,-0.40706,1.02872,-0.08279,-0.41042,1.10728,0.07048,-0.39266,1.03471,0.06594,-0.35053,1.11585,0.03712,0.09827,1.39495,
0.06032,-0.371,1.41534,0.04738,-0.09973,1.40822,0.03394,0.16219,1.38662,0.0369,0.29707,1.37769,-0.12511,0.04252,1.36444,-0.10708,-0.17775,1.29783,-0.07795,-0.3757,1.19674,-0.05177,-0.38244,1.09811,0.19802,0.05007,1.37824,0.21063,-0.1679,1.31845,0.14141,-0.32705,1.17351,0.10553,-0.35977,1.09636,-0.03031,-0.40711,1.02592,-0.07701,-0.41708,1.09188,0.07418,-0.39403,1.03211,0.06395,-0.35271,1.11365,0.03729,0.09806,1.3942,
0.06037,-0.37104,1.41528,0.0474,-0.09978,1.40805,0.034,0.16213,1.3864,0.03747,0.29696,1.37716,-0.12503,0.04273,1.36474,-0.10674,-0.17785,1.29728,-0.07763,-0.37573,1.19605,-0.051,-0.38232,1.09749,0.19799,0.04965,1.3775,0.21063,-0.16845,1.31834,0.1425,-0.3277,1.173,0.10653,-0.35961,1.09609,-0.02985,-0.40756,1.02536,-0.0828,-0.40834,1.10829,0.074,-0.39418,1.0321,0.06858,-0.35008,1.11753,0.03734,0.098,1.394,
0.0605,-0.371,1.41513,0.04744,-0.09977,1.40797,0.03404,0.16213,1.38642,0.03789,0.29695,1.37687,-0.12499,0.04285,1.36492,-0.10699,-0.17756,1.29705,-0.07665,-0.37222,1.18955,-0.04649,-0.38353,1.08556,0.19817,0.04994,1.37849,0.2104,-0.168,1.31849,0.14113,-0.32694,1.17335,0.1058,-0.3596,1.09572,-0.025,-0.41037,1.01653,-0.07601,-0.41404,1.09061,0.07365,-0.39338,1.03244,0.0647,-0.35218,1.11426,0.03737,0.09801,1.39399,
0.06069,-0.37109,1.41491,0.04749,-0.09976,1.40796,0.03414,0.16228,1.38683,0.03812,0.29743,1.37861,-0.12324,0.04218,1.3618,-0.10753,-0.17715,1.29734,-0.07724,-0.37206,1.19031,-0.04798,-0.38336,1.08727,0.19831,0.05005,1.37916,0.21137,-0.16792,1.31956,0.14056,-0.32581,1.17397,0.13521,-0.34351,1.12006,-0.02573,-0.40962,1.01877,-0.07905,-0.41137,1.0994,0.12805,-0.3748,1.04893,0.10147,-0.33153,1.08309,0.03747,0.0981,1.39424,
0.06083,-0.37123,1.41475,0.04755,-0.09981,1.408,0.03429,0.16224,1.38727,0.03813,0.29762,1.38066,-0.12265,0.04172,1.36075,-0.10738,-0.17761,1.29731,-0.0774,-0.37191,1.18898,-0.04686,-0.38373,1.08537,0.19844,0.05007,1.37962,0.21224,-0.16786,1.32011,0.14117,-0.32499,1.1738,0.13493,-0.34403,1.1186,-0.02416,-0.41133,1.01552,-0.0789,-0.41119,1.09899,0.12106,-0.3703,1.04149,0.10065,-0.3257,1.10383,0.03759,0.09806,1.39455,
0.06092,-0.37131,1.41467,0.0476,-0.09987,1.40804,0.0343,0.16215,1.38759,0.03801,0.29784,1.38206,-0.12275,0.04154,1.36129,-0.10696,-0.17816,1.29698,-0.07755,-0.37279,1.18915,-0.04758,-0.38295,1.08713,0.19854,0.05006,1.37999,0.21245,-0.16781,1.32028,0.14211,-0.32515,1.17383,0.13506,-0.34451,1.11653,-0.02595,-0.40982,1.01871,-0.07933,-0.41052,1.10024,0.1221,-0.37286,1.04193,0.10082,-0.32567,1.1004,0.03762,0.09797,1.3948,
0.06102,-0.37143,1.41453,0.04765,-0.1,1.40809,0.03434,0.16196,1.38794,0.03805,0.29779,1.38297,-0.12245,0.04119,1.36085,-0.10719,-0.17804,1.29719,-0.07772,-0.3727,1.18944,-0.04768,-0.38279,1.08853,0.19861,0.05013,1.38037,0.21274,-0.16773,1.32064,0.14119,-0.32555,1.17536,0.13655,-0.34085,1.12246,-0.0267,-0.41028,1.01858,-0.079,-0.41072,1.09994,0.12911,-0.37215,1.05132,0.10414,-0.32817,1.09291,0.03766,0.0978,1.39507,
0.0611,-0.3716,1.41441,0.04769,-0.10035,1.40824,0.03429,0.1613,1.38861,0.03797,0.29779,1.38406,-0.12256,0.04127,1.36165,-0.10682,-0.1783,1.29695,-0.07772,-0.3731,1.18938,-0.04749,-0.38255,1.08891,0.1984,0.04972,1.37974,0.21288,-0.16833,1.32104,0.14099,-0.32582,1.17556,0.13707,-0.34077,1.12301,-0.02455,-0.40909,1.0171,-0.06754,-0.42256,1.0814,0.12957,-0.37143,1.05223,0.10374,-0.32706,1.09419,0.03764,0.09722,1.39561,


***************************************Here**********************************************

