0.20533,-0.34598,1.65011,0.20088,-0.08104,1.65937,0.19459,0.17588,1.65915,0.19315,0.30508,1.65382,0.0417,0.05831,1.63968,0.08416,-0.17162,1.54904,0.14409,-0.30439,1.4348,0.13088,-0.33767,1.4239,0.35497,0.06577,1.61862,0.38372,-0.11117,1.57521,0.30581,-0.30284,1.43658,0.28225,-0.34763,1.40101,0.11103,-0.37978,1.35864,0.17061,-0.34229,1.39626,0.24848,-0.38313,1.33521,0.32004,-0.36183,1.39264,0.19639,0.11271,1.66105,
0.21289,-0.34025,1.65442,0.2055,-0.07745,1.66833,0.19729,0.17782,1.67166,0.19553,0.30653,1.66879,0.04477,0.05469,1.64638,0.04786,-0.13207,1.5895,0.11312,-0.30883,1.4658,0.13484,-0.34203,1.43466,0.35525,0.06401,1.62597,0.3866,-0.1125,1.5831,0.30672,-0.30149,1.44179,0.27622,-0.35497,1.38511,0.16712,-0.36577,1.3479,0.18685,-0.32421,1.48746,0.24479,-0.38858,1.32214,0.31152,-0.36668,1.3692,0.19953,0.11504,1.67269,
0.21358,-0.34001,1.65504,0.20611,-0.07711,1.66949,0.19758,0.17809,1.67311,0.1965,0.30685,1.67028,0.04484,0.05301,1.64332,0.04631,-0.13283,1.59189,0.11283,-0.30768,1.46795,0.13529,-0.34252,1.43421,0.35423,0.06245,1.62367,0.3871,-0.11416,1.58331,0.30748,-0.30426,1.44343,0.27637,-0.35483,1.38583,0.16835,-0.36724,1.3485,0.19191,-0.33325,1.47832,0.24677,-0.38546,1.31962,0.31578,-0.36703,1.37695,0.19992,0.11534,1.67409,
0.21345,-0.33985,1.65549,0.20584,-0.07705,1.6696,0.19695,0.17804,1.67273,0.19543,0.30733,1.67067,0.04288,0.05255,1.64282,0.047,-0.13656,1.59064,0.11264,-0.30622,1.469,0.1339,-0.34248,1.43588,0.35282,0.06217,1.62089,0.38654,-0.11467,1.58332,0.30758,-0.30547,1.44407,0.28129,-0.34869,1.39851,0.1669,-0.36761,1.34886,0.18927,-0.32473,1.48385,0.25225,-0.38202,1.33054,0.31699,-0.36544,1.38688,0.19941,0.11532,1.67388,
0.21368,-0.33986,1.6552,0.20514,-0.07736,1.66913,0.19455,0.17712,1.67136,0.1915,0.30633,1.66874,0.04109,0.05218,1.64176,0.04734,-0.13891,1.58994,0.11473,-0.30746,1.46831,0.13187,-0.33443,1.42223,0.35122,0.06199,1.62348,0.38509,-0.1145,1.58371,0.30764,-0.30581,1.44432,0.28195,-0.34867,1.39824,0.16289,-0.36478,1.35299,0.15726,-0.32618,1.42929,0.25951,-0.38089,1.32955,0.31793,-0.36586,1.38921,0.19748,0.11457,1.67278,
0.21345,-0.33981,1.65504,0.20348,-0.07758,1.66831,0.1912,0.1765,1.66959,0.18745,0.3058,1.66546,0.04004,0.05298,1.63798,0.04277,-0.13794,1.59244,0.11495,-0.3075,1.46807,0.13387,-0.34402,1.43223,0.34949,0.06185,1.62203,0.38427,-0.11477,1.58451,0.30922,-0.30698,1.44507,0.28352,-0.34797,1.39924,0.16881,-0.36989,1.34293,0.19128,-0.3309,1.47785,0.25511,-0.38299,1.33101,0.31897,-0.36946,1.38292,0.19452,0.11405,1.67125,
0.21316,-0.33985,1.65478,0.20154,-0.07815,1.66629,0.18765,0.17531,1.66453,0.18084,0.30498,1.65512,0.03857,0.05321,1.6366,0.04121,-0.14048,1.58976,0.11086,-0.31212,1.42282,0.13367,-0.36104,1.37774,0.34693,0.06208,1.62159,0.38562,-0.11552,1.58645,0.32789,-0.28084,1.43293,0.30791,-0.31146,1.37978,0.16634,-0.40323,1.30571,0.175,-0.35456,1.37744,0.2828,-0.35027,1.30552,0.29682,-0.29704,1.33181,0.19133,0.11301,1.66705,
0.21281,-0.34001,1.65485,0.20082,-0.07896,1.66394,0.18736,0.17391,1.65857,0.17993,0.3035,1.64572,0.03787,0.05359,1.63177,0.03916,-0.14783,1.58523,0.11271,-0.31016,1.46463,0.12852,-0.33738,1.4193,0.34347,0.06343,1.61991,0.41988,-0.09649,1.57004,0.32717,-0.13704,1.34028,0.29144,-0.13528,1.30218,0.16072,-0.36539,1.34956,0.15721,-0.33341,1.42331,0.24653,-0.1285,1.23662,0.28282,-0.10175,1.24873,0.19087,0.11176,1.66203,
0.21156,-0.3395,1.65597,0.20112,-0.07919,1.66041,0.19022,0.17363,1.649,0.18218,0.30295,1.63941,0.03804,0.05391,1.6252,0.03306,-0.14296,1.57836,0.13798,-0.3175,1.45498,0.11685,-0.33424,1.42136,0.34123,0.0768,1.61612,0.42113,-0.07047,1.46923,0.28631,0.02369,1.38163,0.27603,0.03802,1.39594,0.12128,-0.36341,1.35083,0.13219,-0.32357,1.39206,0.23026,0.07368,1.41015,0.29715,0.0641,1.37632,0.19303,0.11148,1.65398,
0.21277,-0.34092,1.6539,0.20378,-0.07956,1.65516,0.19366,0.17465,1.64328,0.18669,0.30441,1.63847,0.03883,0.05483,1.62029,0.02993,-0.14164,1.56977,0.09706,-0.2869,1.47838,0.11567,-0.33554,1.45254,0.34478,0.07271,1.60991,0.45307,-0.05523,1.48635,0.30436,0.038,1.42639,0.2798,0.03768,1.44846,0.14688,-0.35668,1.35833,0.18568,-0.33093,1.47911,0.23446,0.05768,1.4612,0.30182,0.04579,1.39736,0.19636,0.11214,1.64825,
0.21455,-0.34177,1.65222,0.20631,-0.07962,1.65268,0.19685,0.17514,1.64066,0.19077,0.30488,1.63525,0.03962,0.05546,1.61935,0.02727,-0.13884,1.57265,0.09867,-0.29131,1.47657,0.11496,-0.32457,1.439,0.34616,0.07158,1.60511,0.45812,-0.06615,1.48762,0.30589,0.02485,1.4258,0.27487,0.03706,1.42966,0.15194,-0.35309,1.38029,0.13282,-0.30635,1.46254,0.22269,0.07087,1.46044,0.29239,0.04028,1.38061,0.1994,0.1125,1.64564,
0.21467,-0.34165,1.65304,0.20665,-0.07941,1.65174,0.19789,0.17573,1.6378,0.1957,0.30378,1.62766,0.04118,0.05491,1.61953,0.02224,-0.12914,1.5767,0.10071,-0.31363,1.45443,0.12538,-0.33687,1.41383,0.34622,0.04503,1.60166,0.45336,-0.00858,1.45464,0.3629,0.14844,1.42712,0.35257,0.17952,1.43271,0.1613,-0.36881,1.35064,0.16492,-0.35247,1.39057,0.32348,0.25904,1.46003,0.32425,0.16576,1.48289,0.20023,0.11299,1.64337,
0.21352,-0.33971,1.65324,0.20974,-0.07843,1.65088,0.20934,0.17503,1.63539,0.21028,0.2993,1.62172,0.04563,0.05833,1.61898,0.0218,-0.12391,1.57507,0.09569,-0.31276,1.45548,0.13383,-0.37826,1.34568,0.34992,0.04723,1.60027,0.44685,0.04936,1.43625,0.34723,0.2017,1.46301,0.31169,0.23675,1.49213,0.1615,-0.41868,1.28913,0.16602,-0.35751,1.37045,0.25785,0.30499,1.52699,0.29099,0.19608,1.52764,0.20943,0.1129,1.64124,
0.21381,-0.33907,1.65283,0.2136,-0.07768,1.65104,0.21466,0.17599,1.6378,0.21359,0.29958,1.62732,0.04722,0.05914,1.61897,0.02116,-0.1208,1.57631,0.09582,-0.3137,1.45406,0.13375,-0.37637,1.3524,0.35101,0.04851,1.60013,0.45295,0.02765,1.44082,0.35948,0.20678,1.46313,0.33898,0.23855,1.48495,0.16514,-0.41812,1.29078,0.16657,-0.35614,1.37258,0.31967,0.29518,1.53683,0.30484,0.21668,1.53306,0.21462,0.11367,1.64295,
0.21375,-0.33893,1.65275,0.21299,-0.07771,1.65173,0.2101,0.17515,1.64013,0.21457,0.29956,1.62929,0.04754,0.05944,1.61877,0.02121,-0.12141,1.57453,0.09707,-0.31461,1.45332,0.11136,-0.3474,1.41904,0.35097,0.04903,1.60085,0.45087,0.02925,1.44,0.35577,0.20839,1.47498,0.32482,0.2334,1.50063,0.11099,-0.36525,1.3747,0.15452,-0.34181,1.40384,0.2888,0.29827,1.55289,0.28422,0.20684,1.53672,0.21127,0.11306,1.64489,
0.21378,-0.33906,1.65353,0.21072,-0.07889,1.6524,0.20334,0.17287,1.64004,0.20592,0.30334,1.63595,0.04696,0.05884,1.61854,0.02089,-0.12322,1.57465,0.10514,-0.30919,1.45837,0.12069,-0.34128,1.42342,0.34622,0.04951,1.60275,0.40939,-0.00509,1.43058,0.29182,0.15294,1.4129,0.2751,0.16753,1.41541,0.1731,-0.35517,1.39412,0.14852,-0.32668,1.45126,0.23071,0.21223,1.43291,0.25783,0.14545,1.47871,0.20567,0.11101,1.64514,
0.21133,-0.34827,1.65357,0.20071,-0.08436,1.65144,0.18638,0.17185,1.63756,0.1954,0.31944,1.63925,0.04435,0.05227,1.6181,0.02184,-0.13041,1.57482,0.10498,-0.29924,1.46687,0.11753,-0.33238,1.42591,0.33799,0.03528,1.60131,0.36764,0.01445,1.41245,0.24904,0.1602,1.3801,0.21878,0.19375,1.3677,0.14181,-0.35883,1.35798,0.1459,-0.32789,1.41441,0.16236,0.23319,1.35454,0.2261,0.23484,1.38011,0.1903,0.10877,1.64303,
0.21208,-0.34627,1.65401,0.20181,-0.08355,1.65204,0.18987,0.1719,1.63881,0.1919,0.31816,1.63814,0.04482,0.05226,1.6191,0.02371,-0.13199,1.57649,0.10039,-0.29853,1.46773,0.11695,-0.32996,1.42869,0.33913,0.03738,1.59951,0.36125,0.05903,1.40966,0.21445,0.25555,1.41567,0.189,0.28773,1.42177,0.14789,-0.35407,1.36347,0.13401,-0.31153,1.44084,0.16504,0.30938,1.4521,0.20686,0.28207,1.4875,0.19295,0.1091,1.64406,
0.21223,-0.34369,1.65425,0.2026,-0.08258,1.65226,0.19173,0.17191,1.63897,0.18646,0.31422,1.63089,0.04467,0.05325,1.61923,0.02344,-0.1318,1.57811,0.09637,-0.30928,1.45858,0.12239,-0.33723,1.41876,0.34084,0.04235,1.59778,0.36844,0.0673,1.40915,0.22,0.26062,1.43112,0.19254,0.28901,1.46024,0.15892,-0.36704,1.35185,0.1487,-0.33007,1.4264,0.16897,0.31786,1.52023,0.20268,0.32858,1.498,0.19449,0.10937,1.64424,
0.21244,-0.34199,1.65478,0.20325,-0.08184,1.65236,0.19299,0.17182,1.63867,0.18455,0.31272,1.63069,0.04456,0.05405,1.61927,0.02397,-0.1333,1.57826,0.09551,-0.31155,1.45692,0.1256,-0.33756,1.4171,0.3422,0.0446,1.59752,0.38411,0.06046,1.41074,0.27264,0.20323,1.38333,0.27745,0.1998,1.39681,0.16384,-0.36786,1.35491,0.16426,-0.343,1.40263,0.22953,0.27458,1.41134,0.2435,0.17499,1.43192,0.1956,0.10948,1.64405,
0.213,-0.34035,1.65483,0.20489,-0.07937,1.65272,0.19639,0.17502,1.63922,0.1859,0.30894,1.63538,0.04471,0.05505,1.61951,0.02124,-0.1299,1.57969,0.0938,-0.32239,1.44978,0.1041,-0.35496,1.41419,0.34241,0.0482,1.59814,0.40816,0.02883,1.41923,0.32956,0.19221,1.39697,0.32351,0.2145,1.40628,0.10902,-0.37452,1.35349,0.14355,-0.34114,1.37723,0.29578,0.25938,1.40573,0.32256,0.18698,1.46255,0.19856,0.11244,1.64455,
0.21383,-0.34004,1.65484,0.20524,-0.07891,1.65301,0.19618,0.1753,1.63979,0.1884,0.30678,1.63844,0.04304,0.05487,1.61892,0.02073,-0.13101,1.5786,0.09481,-0.2982,1.46933,0.11589,-0.32898,1.43098,0.34351,0.04907,1.60003,0.42409,-0.07786,1.48684,0.41041,0.12725,1.43567,0.40557,0.16694,1.44196,0.15264,-0.35546,1.36757,0.1379,-0.31504,1.43885,0.43601,0.23457,1.44816,0.37516,0.16986,1.47552,0.19857,0.11278,1.645,
0.20915,-0.34129,1.65375,0.204,-0.07929,1.65301,0.19613,0.17516,1.64017,0.19241,0.30557,1.63821,0.04236,0.05498,1.61813,0.01983,-0.12978,1.57713,0.09373,-0.28915,1.47661,0.11349,-0.3366,1.44664,0.34651,0.05381,1.60732,0.42642,-0.13786,1.50417,0.42656,0.10333,1.45077,0.42011,0.1381,1.45327,0.14455,-0.35797,1.35392,0.17899,-0.33067,1.47731,0.45618,0.20185,1.46888,0.38803,0.14286,1.49386,0.1983,0.11261,1.64526,
0.20856,-0.34095,1.65321,0.2057,-0.07943,1.65307,0.20284,0.17405,1.64183,0.20186,0.30557,1.64008,0.04303,0.0554,1.61743,0.02413,-0.12894,1.57486,0.10472,-0.29494,1.47129,0.12026,-0.32791,1.43097,0.35242,0.05049,1.60936,0.42464,-0.1393,1.51968,0.42155,0.09394,1.43543,0.41034,0.13081,1.4191,0.14182,-0.35071,1.36891,0.13363,-0.30963,1.41631,0.45998,0.19494,1.42163,0.36688,0.14995,1.45382,0.20362,0.11177,1.64648,
0.21113,-0.34198,1.65259,0.20958,-0.08018,1.65326,0.2074,0.17376,1.64252,0.20674,0.30508,1.63904,0.0442,0.05549,1.61735,0.02608,-0.12564,1.57599,0.1019,-0.30836,1.46138,0.12588,-0.3347,1.4214,0.35198,0.04855,1.60625,0.39274,-0.13045,1.48843,0.38875,0.09082,1.40391,0.37375,0.13467,1.39416,0.15898,-0.36218,1.3564,0.14679,-0.31624,1.43929,0.36443,0.2022,1.38589,0.3347,0.14485,1.43616,0.20811,0.11134,1.6471,
0.21461,-0.34102,1.65279,0.21475,-0.07893,1.65214,0.21409,0.17554,1.63919,0.20946,0.30478,1.6344,0.05113,0.0543,1.61572,0.03142,-0.12873,1.57329,0.11075,-0.30867,1.45517,0.12423,-0.34196,1.4199,0.33977,0.05604,1.60148,0.35659,-0.12178,1.46678,0.32541,0.11739,1.4117,0.31307,0.15257,1.41121,0.15798,-0.35444,1.37968,0.16692,-0.33977,1.41943,0.30621,0.22491,1.40929,0.27803,0.15886,1.468,0.21446,0.11297,1.64442,
0.21555,-0.34063,1.65282,0.21625,-0.07852,1.6493,0.21565,0.17581,1.63188,0.20852,0.30498,1.62713,0.05024,0.05568,1.6148,0.03006,-0.12749,1.57306,0.10689,-0.29862,1.46557,0.11839,-0.33362,1.43202,0.33711,0.0573,1.60024,0.34402,-0.0204,1.42474,0.31444,0.15842,1.41993,0.30934,0.16169,1.42043,0.12941,-0.35058,1.3894,0.1661,-0.34214,1.44098,0.29512,0.2329,1.43111,0.2762,0.1567,1.47702,0.21609,0.11329,1.63831,
0.21265,-0.34537,1.65257,0.20978,-0.08246,1.6454,0.20466,0.17317,1.62473,0.20462,0.30443,1.62024,0.04803,0.05406,1.61253,0.02863,-0.13525,1.56983,0.10496,-0.29587,1.46975,0.1138,-0.32642,1.43706,0.33468,0.05767,1.60002,0.41594,-0.13837,1.47962,0.29998,0.01949,1.36032,0.28229,0.0438,1.34701,0.13178,-0.3494,1.3764,0.12469,-0.30928,1.41743,0.23007,0.0944,1.30046,0.23063,0.07564,1.38618,0.20623,0.11029,1.63191,
0.21209,-0.34323,1.65054,0.20672,-0.0821,1.64326,0.20006,0.17164,1.62262,0.20115,0.30277,1.61629,0.0455,0.05298,1.61182,0.02255,-0.13494,1.57057,0.1016,-0.29139,1.4746,0.11707,-0.33906,1.44586,0.34431,0.06463,1.59584,0.4632,-0.09628,1.52767,0.34289,-0.19816,1.42865,0.29859,-0.22186,1.41536,0.14277,-0.35907,1.35491,0.18384,-0.33645,1.47547,0.22461,-0.23723,1.3879,0.27538,-0.2267,1.45341,0.20198,0.10929,1.62987,
0.21345,-0.34342,1.64915,0.20676,-0.08267,1.64156,0.19901,0.17067,1.62101,0.19679,0.30085,1.61206,0.04406,0.05199,1.61083,0.02421,-0.14072,1.56994,0.09927,-0.28922,1.47732,0.11701,-0.32933,1.4354,0.34854,0.06429,1.5927,0.46757,-0.09316,1.52678,0.29915,-0.12918,1.45706,0.26444,-0.11169,1.47251,0.14297,-0.34928,1.37258,0.12936,-0.30492,1.43612,0.18709,-0.08491,1.45047,0.26103,-0.07632,1.50622,0.20116,0.1084,1.62827,
0.21203,-0.34284,1.65129,0.20637,-0.08284,1.64206,0.19901,0.16994,1.6211,0.19608,0.30032,1.61201,0.04335,0.05055,1.60955,0.02509,-0.14299,1.56845,0.0989,-0.28927,1.47745,0.11701,-0.33667,1.44877,0.35338,0.06493,1.59481,0.46529,-0.07398,1.51276,0.28096,-0.05634,1.45876,0.24242,-0.05225,1.4559,0.14985,-0.35683,1.35688,0.18512,-0.33503,1.47615,0.17451,-0.01645,1.44916,0.21893,-0.0526,1.5028,0.20106,0.10787,1.62844,
0.21028,-0.34233,1.653,0.20425,-0.08294,1.64455,0.19667,0.16905,1.62474,0.19244,0.29968,1.61707,0.04183,0.05182,1.61183,0.01842,-0.14725,1.57634,0.11003,-0.32557,1.42894,0.13619,-0.37355,1.33497,0.35135,0.0627,1.59796,0.46521,-0.08686,1.52713,0.27042,-0.10218,1.41642,0.25642,-0.10004,1.39389,0.16162,-0.41786,1.27422,0.17031,-0.32681,1.35874,0.19291,-0.0841,1.38037,0.24917,-0.13121,1.44675,0.1988,0.10715,1.63166,
0.2102,-0.34227,1.65652,0.20373,-0.08223,1.64892,0.19588,0.17088,1.63052,0.19448,0.30064,1.6218,0.04127,0.05406,1.61246,0.01208,-0.14309,1.57529,0.10218,-0.31739,1.42942,0.13158,-0.34608,1.39483,0.34367,0.07192,1.60158,0.42208,-0.04069,1.44587,0.25763,0.02808,1.39556,0.21406,0.04709,1.41282,0.18464,-0.38868,1.34075,0.16119,-0.33444,1.41116,0.14037,0.1016,1.4042,0.20387,0.02331,1.45662,0.19808,0.10861,1.63702,
0.21212,-0.34206,1.65688,0.20632,-0.08216,1.65074,0.19961,0.17055,1.63409,0.19718,0.30101,1.62463,0.04149,0.05451,1.61347,0.01569,-0.14219,1.57586,0.09658,-0.29207,1.4715,0.1139,-0.32841,1.42623,0.3428,0.07159,1.60139,0.41861,-0.03214,1.43617,0.24116,-0.01286,1.3864,0.17631,-0.02755,1.3845,0.13491,-0.35488,1.35938,0.14773,-0.33049,1.4369,0.1109,-0.05068,1.3897,0.16964,-0.03099,1.4105,0.20149,0.10841,1.64014,
0.21137,-0.34223,1.65713,0.20482,-0.08227,1.65004,0.19635,0.17033,1.63071,0.19441,0.30062,1.62496,0.04064,0.05469,1.61348,0.0111,-0.14021,1.57591,0.12715,-0.32611,1.46003,0.16228,-0.35355,1.42586,0.34271,0.07183,1.60445,0.48119,-0.04732,1.51002,0.34685,0.00263,1.38942,0.32381,0.01442,1.39046,0.19217,-0.37136,1.39237,0.17681,-0.34822,1.45615,0.26816,0.05126,1.35568,0.29378,0.01147,1.44486,0.19873,0.10823,1.6376,
0.20981,-0.34156,1.65775,0.20207,-0.08224,1.64803,0.19205,0.16937,1.62468,0.1903,0.29846,1.61871,0.03931,0.05402,1.6081,0.01151,-0.14322,1.56346,0.1087,-0.32559,1.43663,0.12887,-0.35145,1.39784,0.35237,0.06628,1.62448,0.53979,-0.02293,1.60659,0.41762,-0.07593,1.40721,0.4092,-0.08202,1.38686,0.17022,-0.36696,1.36385,0.17071,-0.35019,1.40453,0.36474,-0.10806,1.3384,0.37212,-0.07402,1.43976,0.19478,0.10755,1.63264,
0.20895,-0.3414,1.65821,0.19891,-0.08269,1.64592,0.18635,0.16802,1.6194,0.18752,0.29735,1.61412,0.03788,0.05359,1.60721,0.00821,-0.14135,1.56246,0.08499,-0.29176,1.47464,0.0989,-0.32058,1.44279,0.35087,0.06515,1.62671,0.48674,-0.04592,1.64872,0.5139,-0.06741,1.46435,0.5044,-0.05879,1.38663,0.13519,-0.34475,1.3863,0.098,-0.2955,1.43485,0.48964,-0.06859,1.32449,0.44959,-0.03532,1.422,0.1897,0.10641,1.62811,
0.20723,-0.3418,1.65775,0.19317,-0.08432,1.64201,0.17704,0.16545,1.61274,0.18026,0.29566,1.60717,0.03502,0.0524,1.60612,0.00322,-0.13894,1.56291,0.09427,-0.30646,1.45802,0.10379,-0.3347,1.42707,0.34263,0.06322,1.62346,0.51572,-0.06692,1.67523,0.59826,-0.03256,1.50125,0.62004,-0.01168,1.44248,0.1533,-0.35403,1.37184,0.13183,-0.32075,1.44312,0.61445,-0.03104,1.36102,0.68149,-0.02361,1.4406,0.18129,0.10406,1.62209,
0.20444,-0.34268,1.65706,0.18632,-0.08616,1.63876,0.16682,0.16306,1.60781,0.16588,0.29417,1.60185,0.03024,0.05143,1.60538,-0.00245,-0.14222,1.56281,0.09506,-0.32224,1.45329,0.10485,-0.33928,1.41976,0.32907,0.05881,1.61308,0.482,-0.11374,1.6307,0.63694,-0.17515,1.55925,0.64455,-0.18172,1.54215,0.15571,-0.36869,1.35847,0.13102,-0.32468,1.43884,0.67881,-0.16896,1.47486,0.65616,-0.18043,1.47166,0.17187,0.10178,1.61754,
0.20086,-0.34495,1.65512,0.18223,-0.08758,1.63728,0.16242,0.1623,1.60714,0.15791,0.29319,1.60094,0.01567,0.04641,1.6019,-0.00379,-0.1449,1.56324,0.09303,-0.32864,1.42665,0.12183,-0.36661,1.36403,0.32221,0.05393,1.60024,0.44449,-0.15787,1.57819,0.5831,-0.31994,1.46278,0.62932,-0.37218,1.41163,0.15459,-0.40382,1.29286,0.15818,-0.35518,1.37208,0.66697,-0.41903,1.3856,0.65668,-0.38181,1.35333,0.16756,0.10088,1.61667,
0.20404,-0.3461,1.65072,0.18283,-0.08821,1.63534,0.16196,0.16211,1.60677,0.15631,0.2928,1.60017,0.01906,0.04669,1.60436,0.01121,-0.16156,1.56067,0.10719,-0.32889,1.40301,0.13407,-0.37313,1.35333,0.32117,0.05505,1.59253,0.37708,-0.16992,1.5402,0.40589,-0.34196,1.38282,0.41092,-0.38796,1.31253,0.17797,-0.41737,1.29246,0.17328,-0.3617,1.36794,0.43993,-0.44092,1.2406,0.37586,-0.35855,1.25246,0.16726,0.1006,1.61606,
0.19972,-0.3462,1.64327,0.18326,-0.08886,1.62765,0.16532,0.1609,1.59822,0.16013,0.29176,1.59107,0.02137,0.04652,1.60036,0.01186,-0.1589,1.56082,0.10664,-0.32244,1.44344,0.12206,-0.34294,1.40709,0.31929,0.05964,1.57426,0.34655,-0.12494,1.52252,0.30527,-0.30624,1.38539,0.27767,-0.36168,1.33125,0.17925,-0.36891,1.34858,0.15329,-0.33806,1.42412,0.25264,-0.40463,1.27191,0.31419,-0.37314,1.31713,0.16997,0.0995,1.60767,
0.20073,-0.34635,1.64163,0.18503,-0.09026,1.6199,0.16822,0.15823,1.58404,0.16415,0.28978,1.57403,0.02172,0.04622,1.58631,0.01172,-0.15494,1.55616,0.10571,-0.32454,1.43973,0.12282,-0.34485,1.40423,0.31919,0.05681,1.55855,0.34133,-0.12528,1.50981,0.29832,-0.31049,1.38536,0.27938,-0.36459,1.3326,0.18533,-0.37832,1.3451,0.15497,-0.34252,1.4225,0.24684,-0.40962,1.27549,0.315,-0.37445,1.31421,0.17258,0.09715,1.59507,
0.20118,-0.34685,1.63995,0.18524,-0.09204,1.61394,0.16803,0.15549,1.57496,0.16456,0.28677,1.56224,0.02095,0.04511,1.57667,0.00944,-0.15372,1.55037,0.12276,-0.33181,1.41947,0.14374,-0.37097,1.34818,0.31916,0.05611,1.55404,0.34462,-0.12868,1.50764,0.30218,-0.3165,1.38477,0.28356,-0.36661,1.33259,0.17956,-0.40746,1.28837,0.17923,-0.36116,1.36502,0.25238,-0.41426,1.27144,0.3196,-0.37857,1.30411,0.17251,0.09463,1.58672,
0.20136,-0.34822,1.63818,0.18431,-0.09378,1.60973,0.166,0.15357,1.56822,0.16271,0.28502,1.55657,0.01974,0.03944,1.56929,0.0096,-0.15668,1.54444,0.11084,-0.32102,1.43299,0.12595,-0.34653,1.39776,0.31852,0.05609,1.55043,0.34732,-0.13086,1.50466,0.30652,-0.31754,1.3854,0.28617,-0.36345,1.33508,0.19088,-0.38372,1.34433,0.146,-0.33299,1.42899,0.24962,-0.41276,1.2752,0.3221,-0.37964,1.30673,0.17075,0.09274,1.58063,
0.20119,-0.3486,1.63719,0.18356,-0.09456,1.60737,0.16475,0.1524,1.56472,0.16094,0.28375,1.55316,0.01804,0.0402,1.5659,0.00906,-0.15796,1.54194,0.11006,-0.32947,1.42499,0.1375,-0.36811,1.35515,0.31769,0.05614,1.54777,0.34774,-0.13235,1.50298,0.30691,-0.31785,1.38516,0.28566,-0.36299,1.33551,0.18025,-0.40432,1.28995,0.17701,-0.36317,1.36718,0.25296,-0.41073,1.27791,0.32408,-0.38337,1.30496,0.16962,0.09168,1.57741,


***************************************Here**********************************************

