0.03564,-0.36574,1.40022,0.03208,-0.0933,1.38191,0.02885,0.16981,1.35004,0.03603,0.30212,1.33941,-0.10288,0.05779,1.30964,-0.11156,-0.14783,1.23,-0.05752,-0.29537,1.11929,-0.05214,-0.33093,1.07765,0.19148,0.071,1.36351,0.21988,-0.13426,1.3187,0.16534,-0.29333,1.20108,0.16978,-0.32725,1.20753,-0.03725,-0.36094,1.02019,-0.08706,-0.33584,1.0787,0.20442,-0.39402,1.20652,0.14384,-0.32706,1.13112,0.02966,0.1054,1.36015,
0.03586,-0.36567,1.4004,0.03231,-0.09325,1.38188,0.02907,0.16986,1.34978,0.03599,0.30205,1.33918,-0.10272,0.05751,1.30979,-0.1113,-0.14792,1.22984,-0.05735,-0.29565,1.11874,-0.0526,-0.32929,1.07897,0.19229,0.07093,1.36521,0.22047,-0.13431,1.31883,0.16555,-0.29253,1.20175,0.16973,-0.32713,1.20725,-0.0359,-0.36045,1.02073,-0.08428,-0.33305,1.07153,0.20261,-0.39171,1.19885,0.1412,-0.32411,1.13268,0.02988,0.10546,1.35997,
0.03593,-0.36559,1.40059,0.03234,-0.09324,1.38188,0.02907,0.16982,1.34962,0.0358,0.30195,1.339,-0.10267,0.05754,1.30984,-0.11115,-0.14786,1.22991,-0.05743,-0.2959,1.11864,-0.05243,-0.33055,1.07873,0.1914,0.07139,1.36328,0.22112,-0.13387,1.31907,0.16443,-0.29527,1.19714,0.16864,-0.32791,1.20684,-0.03551,-0.36131,1.02174,-0.08582,-0.334,1.07414,0.20438,-0.39646,1.20564,0.14282,-0.32676,1.12974,0.02989,0.10543,1.35988,
0.03612,-0.36543,1.40102,0.03238,-0.09322,1.38193,0.02899,0.16977,1.3494,0.03548,0.30191,1.33893,-0.10261,0.05771,1.30996,-0.11106,-0.14786,1.22991,-0.0576,-0.29544,1.11905,-0.05264,-0.32942,1.07979,0.19222,0.07141,1.36569,0.22141,-0.13372,1.31918,0.16348,-0.29881,1.19296,0.168,-0.32711,1.206,-0.03361,-0.3607,1.02244,-0.08562,-0.33363,1.07408,0.20421,-0.39609,1.20325,0.14807,-0.33099,1.12634,0.02986,0.10541,1.35975,
0.03614,-0.36548,1.40079,0.0324,-0.09324,1.3818,0.02894,0.16975,1.34924,0.03507,0.30174,1.33864,-0.10262,0.05766,1.30996,-0.11102,-0.14781,1.2299,-0.05754,-0.29527,1.11914,-0.05233,-0.3311,1.07722,0.19239,0.07144,1.36642,0.22156,-0.13365,1.3192,0.16521,-0.29436,1.19915,0.17025,-0.32793,1.20629,-0.03956,-0.36134,1.02073,-0.08534,-0.33357,1.07392,0.20228,-0.3943,1.19693,0.14221,-0.32413,1.13041,0.02984,0.10539,1.3596,
0.03607,-0.36548,1.40079,0.03237,-0.09327,1.38173,0.02887,0.16966,1.34902,0.03447,0.30157,1.33836,-0.10266,0.05779,1.31004,-0.11093,-0.14793,1.2298,-0.05764,-0.29457,1.11946,-0.05266,-0.33055,1.07835,0.19033,0.07181,1.36205,0.22174,-0.13362,1.31919,0.16569,-0.29321,1.20138,0.17066,-0.32758,1.20742,-0.0439,-0.36184,1.0187,-0.08616,-0.33777,1.07813,0.20167,-0.39313,1.19338,0.14179,-0.32282,1.13343,0.02978,0.10532,1.35942,
0.03611,-0.36572,1.40055,0.03217,-0.09341,1.38162,0.02787,0.16961,1.34912,0.03381,0.30152,1.33931,-0.10241,0.05817,1.31045,-0.1167,-0.14711,1.23432,-0.06149,-0.29293,1.12559,-0.05375,-0.3307,1.08145,0.19103,0.07211,1.36504,0.2234,-0.13192,1.32036,0.167,-0.29244,1.20315,0.1714,-0.32693,1.20836,-0.04017,-0.35944,1.02083,-0.0827,-0.31761,1.07352,0.20447,-0.39445,1.19402,0.14493,-0.3242,1.13198,0.02902,0.10522,1.35942,
0.03613,-0.36585,1.40063,0.03304,-0.09287,1.38495,0.03033,0.17143,1.35788,0.03379,0.30348,1.34989,-0.10196,0.05886,1.31402,-0.13641,-0.13765,1.26586,-0.06986,-0.28434,1.13803,-0.05695,-0.31066,1.09991,0.19071,0.07206,1.36608,0.22774,-0.13026,1.3241,0.17201,-0.28977,1.2099,0.17137,-0.32542,1.20807,-0.05567,-0.34625,1.03927,-0.08801,-0.29764,1.09916,0.20116,-0.38513,1.1758,0.14106,-0.32394,1.13278,0.03102,0.1067,1.36671,
0.03748,-0.36406,1.40563,0.03457,-0.08975,1.39742,0.03116,0.17508,1.37667,0.03393,0.30683,1.37051,-0.1093,0.05977,1.3429,-0.15165,-0.13185,1.30827,-0.07846,-0.26958,1.19425,-0.05437,-0.29751,1.15774,0.18838,0.0721,1.36817,0.23236,-0.12896,1.33191,0.17468,-0.28903,1.21297,0.17337,-0.31198,1.20013,-0.03421,-0.31999,1.09825,-0.08443,-0.28576,1.15076,0.19727,-0.38017,1.17099,0.16777,-0.30391,1.15384,0.03207,0.11025,1.38395,
0.03672,-0.36466,1.41024,0.03352,-0.08988,1.40684,0.0301,0.17544,1.3905,0.03143,0.30719,1.38407,-0.11239,0.05584,1.35421,-0.15575,-0.12848,1.32744,-0.05435,-0.30613,1.1896,-0.03164,-0.35562,1.09428,0.18454,0.07154,1.37339,0.23265,-0.12914,1.33789,0.17659,-0.28848,1.21859,0.16132,-0.31332,1.17938,-0.01794,-0.38495,1.03539,0.00413,-0.33886,1.0824,0.15936,-0.34594,1.11363,0.12656,-0.31664,1.17089,0.03099,0.11049,1.3967,
0.03633,-0.36416,1.41281,0.03214,-0.08923,1.41442,0.02729,0.17597,1.40394,0.02709,0.30674,1.39761,-0.11566,0.05978,1.36735,-0.1567,-0.12531,1.33512,-0.07636,-0.2661,1.24581,-0.0596,-0.30057,1.20102,0.1791,0.07231,1.3843,0.23012,-0.12836,1.34774,0.17753,-0.28655,1.22566,0.16095,-0.31084,1.18597,-0.03216,-0.32503,1.14602,-0.07668,-0.33642,1.18349,0.1591,-0.34523,1.12268,0.15103,-0.29817,1.15331,0.02856,0.11105,1.40861,
0.03632,-0.3638,1.41334,0.03042,-0.08861,1.41858,0.02328,0.17653,1.41199,0.02352,0.30711,1.40569,-0.11855,0.06094,1.37128,-0.15682,-0.125,1.33585,-0.07666,-0.26528,1.24635,-0.05818,-0.30126,1.2001,0.17503,0.07334,1.39158,0.22725,-0.12735,1.35477,0.17767,-0.28498,1.23172,0.16263,-0.30797,1.19164,-0.03429,-0.32738,1.14587,-0.07657,-0.33759,1.18539,0.16273,-0.34403,1.12788,0.14789,-0.30519,1.14428,0.02512,0.11164,1.41572,
0.0364,-0.36382,1.41311,0.02866,-0.0885,1.4203,0.01895,0.17691,1.41601,0.01836,0.30695,1.40971,-0.12726,0.05277,1.38136,-0.15752,-0.12475,1.33581,-0.07675,-0.26399,1.24599,-0.05818,-0.30105,1.19871,0.17209,0.07351,1.39466,0.22546,-0.1275,1.3576,0.17711,-0.282,1.23193,0.16254,-0.30632,1.191,-0.03563,-0.32814,1.14589,-0.07657,-0.33912,1.18784,0.1623,-0.33993,1.1264,0.1565,-0.28885,1.1646,0.02146,0.11193,1.41915,
0.03612,-0.36362,1.41339,0.02615,-0.08827,1.42183,0.01479,0.17727,1.41772,0.01222,0.30786,1.41405,-0.13141,0.05264,1.38432,-0.15902,-0.12516,1.33548,-0.07727,-0.26297,1.24563,-0.05896,-0.30114,1.19941,0.16801,0.0748,1.39667,0.2248,-0.12655,1.35801,0.17665,-0.27711,1.23345,0.16011,-0.30269,1.18995,-0.03341,-0.32687,1.14443,-0.07634,-0.33909,1.18559,0.1542,-0.33437,1.12768,0.17602,-0.33102,1.1695,0.01766,0.11225,1.42088,
0.03497,-0.36379,1.41377,0.02346,-0.08835,1.42278,0.01144,0.17731,1.41864,0.00842,0.30833,1.41547,-0.13425,0.04921,1.38413,-0.16184,-0.12588,1.33583,-0.07949,-0.26255,1.24609,-0.06195,-0.30004,1.20128,0.16598,0.07468,1.39651,0.22513,-0.12781,1.35994,0.17863,-0.26018,1.22025,0.14093,-0.30196,1.12946,-0.03166,-0.32591,1.14409,-0.05748,-0.28738,1.17026,0.12192,-0.34303,1.06465,0.14159,-0.30629,1.06988,0.01443,0.11227,1.42182,
0.03452,-0.36291,1.41335,0.02197,-0.08753,1.42245,0.00955,0.17823,1.41784,0.00735,0.30906,1.41579,-0.13622,0.05363,1.38245,-0.1643,-0.1237,1.33455,-0.07476,-0.28244,1.22345,-0.05253,-0.31534,1.17656,0.16292,0.07552,1.39619,0.22871,-0.11697,1.36325,0.15369,-0.17617,1.13391,0.12585,-0.17668,1.0979,-0.00388,-0.33868,1.12347,-0.04179,-0.29824,1.19981,0.0808,-0.1704,1.02557,0.13585,-0.14466,1.06322,0.0127,0.11314,1.42119,
0.02788,-0.35747,1.41863,0.0194,-0.08544,1.42241,0.00952,0.17852,1.41262,0.00712,0.3091,1.41173,-0.1304,0.06003,1.37311,-0.16373,-0.12677,1.32909,-0.07593,-0.27883,1.22627,-0.06402,-0.30279,1.19571,0.1763,0.07562,1.38932,0.23309,-0.11379,1.33574,0.10013,-0.0298,1.18244,0.08634,-0.00288,1.19617,-0.03972,-0.32734,1.13909,-0.05867,-0.29252,1.16005,0.04732,0.0213,1.18954,0.09861,0.05061,1.19897,0.01195,0.11386,1.41759,
0.02604,-0.35866,1.41904,0.01884,-0.08601,1.42113,0.0111,0.17749,1.40798,0.00791,0.30844,1.40561,-0.12894,0.05967,1.37101,-0.16357,-0.12717,1.32829,-0.05867,-0.30609,1.19799,-0.0384,-0.33121,1.14662,0.1787,0.07391,1.38372,0.23048,-0.12549,1.34204,0.12416,-0.03178,1.22268,0.09957,-0.00881,1.24137,0.00299,-0.36278,1.08635,-0.06316,-0.33564,1.10116,0.06287,0.02756,1.23308,0.11473,0.04074,1.25117,0.01288,0.11295,1.41367,
0.02515,-0.35927,1.41967,0.01878,-0.08614,1.42094,0.01199,0.17739,1.407,0.00873,0.30841,1.40315,-0.12745,0.06091,1.36951,-0.16346,-0.12752,1.32777,-0.05702,-0.30604,1.19944,-0.03678,-0.33195,1.14606,0.17971,0.07388,1.38243,0.24484,-0.15022,1.34135,0.10965,0.00154,1.22223,0.10035,0.01879,1.22409,0.00217,-0.36274,1.08592,-0.063,-0.33531,1.10145,0.04549,0.06948,1.21368,0.13292,0.05782,1.24357,0.01349,0.11283,1.41284,
0.02474,-0.35952,1.42076,0.01839,-0.08618,1.42089,0.01161,0.17754,1.40652,0.00909,0.30849,1.40191,-0.12625,0.06136,1.36806,-0.16438,-0.12644,1.32644,-0.07685,-0.27747,1.22674,-0.06427,-0.30216,1.19993,0.16633,0.07736,1.38891,0.25926,-0.13698,1.35199,0.19954,-0.04641,1.17403,0.20472,-0.05646,1.161,-0.0156,-0.32703,1.15074,-0.08096,-0.32763,1.16724,0.19868,-0.02819,1.09508,0.16258,-0.07327,1.14656,0.01318,0.11295,1.41244,
0.02627,-0.36019,1.4212,0.01873,-0.08642,1.42097,0.01159,0.17748,1.40662,0.00952,0.30832,1.40216,-0.12643,0.06026,1.36883,-0.16391,-0.12633,1.32664,-0.05841,-0.30366,1.20178,-0.03831,-0.33068,1.14778,0.17355,0.07481,1.3911,0.2361,-0.09406,1.38002,0.23553,-0.17555,1.15739,0.23808,-0.19126,1.13575,0.00017,-0.36094,1.08471,-0.06271,-0.33612,1.10122,0.24005,-0.20943,1.04573,0.20932,-0.2279,1.14107,0.01322,0.11287,1.41251,
0.02781,-0.35949,1.42221,0.01939,-0.08625,1.42146,0.01169,0.1774,1.40688,0.01043,0.30835,1.40352,-0.12535,0.06112,1.36915,-0.16354,-0.1259,1.32873,-0.06638,-0.28959,1.21779,-0.06171,-0.31016,1.19106,0.1762,0.07303,1.39262,0.24548,-0.12891,1.39681,0.24599,-0.24354,1.17667,0.25464,-0.27608,1.13985,-0.04285,-0.32832,1.14602,-0.08221,-0.33585,1.17423,0.26115,-0.30796,1.05999,0.30704,-0.31404,1.1407,0.01345,0.11284,1.41278,
0.02869,-0.35909,1.42257,0.02002,-0.08604,1.42174,0.01198,0.17744,1.40713,0.01304,0.30917,1.40546,-0.12452,0.06151,1.36915,-0.16327,-0.12358,1.32999,-0.07396,-0.27867,1.22853,-0.06409,-0.30263,1.20023,0.17933,0.07234,1.39208,0.24624,-0.12903,1.39693,0.25013,-0.23224,1.17115,0.25607,-0.23925,1.12639,-0.00712,-0.34125,1.14799,-0.08146,-0.33352,1.16795,0.27186,-0.25809,1.05502,0.28037,-0.29317,1.137,0.01385,0.11292,1.413,
0.02699,-0.35976,1.42189,0.02005,-0.08607,1.42188,0.01317,0.17778,1.40812,0.01476,0.30901,1.40544,-0.12469,0.06031,1.37057,-0.16211,-0.12338,1.32881,-0.07252,-0.28,1.22503,-0.0627,-0.30336,1.19657,0.1715,0.07289,1.39582,0.24316,-0.10176,1.37285,0.27783,-0.10859,1.19009,0.24177,-0.0363,1.09365,-0.03314,-0.32693,1.15009,-0.07952,-0.33968,1.17328,0.22195,-0.03541,1.01648,0.26202,-0.06015,1.08756,0.01464,0.11313,1.41369,
0.0285,-0.35423,1.42394,0.02529,-0.0832,1.42204,0.02424,0.17836,1.40609,0.02653,0.30893,1.40423,-0.11991,0.06366,1.36996,-0.16027,-0.12042,1.32973,-0.06715,-0.28811,1.2095,-0.05744,-0.31175,1.18725,0.17975,0.07275,1.39196,0.27431,0.05999,1.22773,0.1963,0.19981,1.19362,0.16722,0.25354,1.19193,-0.04373,-0.32922,1.15667,-0.07892,-0.3479,1.17263,0.1201,0.30404,1.17868,0.13907,0.23364,1.22724,0.02431,0.11442,1.41233,
0.02983,-0.34899,1.42437,0.03174,-0.07886,1.42145,0.03587,0.18157,1.40446,0.04411,0.30655,1.39599,-0.11413,0.06753,1.3698,-0.16121,-0.11024,1.33136,-0.06927,-0.27474,1.22788,-0.0599,-0.30052,1.19991,0.18729,0.0731,1.3888,0.26926,0.08895,1.2179,0.17871,0.27202,1.23705,0.14411,0.29398,1.26227,-0.03381,-0.32689,1.14979,-0.07769,-0.338,1.18,0.08623,0.34923,1.2654,0.18622,0.30512,1.2738,0.03476,0.11793,1.41092,
0.03011,-0.3475,1.42507,0.032,-0.07868,1.42109,0.03533,0.18066,1.40291,0.04289,0.30805,1.3993,-0.11359,0.06745,1.36943,-0.16188,-0.10961,1.33221,-0.06762,-0.2787,1.22274,-0.06054,-0.30419,1.19553,0.18798,0.07349,1.38773,0.27909,0.07167,1.221,0.19188,0.25857,1.2931,0.14714,0.28703,1.32505,-0.03151,-0.32694,1.15025,-0.07945,-0.34301,1.17806,0.10777,0.35336,1.3524,0.11723,0.2723,1.34931,0.03456,0.11736,1.40976,
0.03019,-0.34709,1.42582,0.0323,-0.07855,1.42114,0.03521,0.18046,1.40254,0.04542,0.30899,1.39963,-0.11305,0.06829,1.36934,-0.16171,-0.10905,1.33159,-0.06942,-0.27765,1.22362,-0.06068,-0.30264,1.19655,0.18812,0.07344,1.38772,0.27504,0.07191,1.21862,0.19,0.27472,1.25466,0.14339,0.31504,1.25975,-0.02998,-0.32715,1.15158,-0.0785,-0.33904,1.17688,0.13381,0.37689,1.30396,0.10395,0.30629,1.29622,0.03455,0.11719,1.40946,
0.03019,-0.34653,1.42593,0.03298,-0.07818,1.42138,0.03678,0.18065,1.40326,0.04793,0.30818,1.39764,-0.11249,0.06836,1.36901,-0.16318,-0.10563,1.33242,-0.07115,-0.27507,1.22639,-0.06194,-0.30185,1.19974,0.18841,0.07376,1.38732,0.27006,0.07808,1.21552,0.17725,0.27498,1.26979,0.12239,0.31284,1.30892,-0.03105,-0.32669,1.15061,-0.079,-0.3389,1.17761,0.09821,0.37293,1.32678,0.08728,0.28923,1.28695,0.03586,0.11739,1.40998,
0.0302,-0.34669,1.42606,0.03302,-0.07831,1.42116,0.03657,0.18037,1.40228,0.04603,0.30852,1.39869,-0.11242,0.06793,1.36853,-0.16205,-0.10906,1.33158,-0.07223,-0.27362,1.22844,-0.06223,-0.3006,1.20106,0.18871,0.07434,1.3861,0.2753,0.04221,1.21996,0.19564,0.2254,1.27754,0.16265,0.25678,1.31074,-0.0277,-0.32733,1.14648,-0.07439,-0.30286,1.15822,0.11255,0.32949,1.3274,0.13304,0.30618,1.29466,0.03575,0.11712,1.40922,
0.02907,-0.35487,1.42393,0.03059,-0.08162,1.42051,0.03147,0.18004,1.40294,0.03851,0.30918,1.39871,-0.11431,0.06647,1.36726,-0.15921,-0.11657,1.32867,-0.06838,-0.27898,1.22793,-0.06071,-0.30222,1.19857,0.17918,0.07272,1.38148,0.24982,-0.13994,1.28946,0.19937,-0.00156,1.16861,0.18396,0.03799,1.13526,-0.03167,-0.3272,1.15079,-0.08012,-0.33669,1.1778,0.14286,0.07862,1.06158,0.16441,0.07905,1.1735,0.03152,0.11599,1.40943,
0.02988,-0.35914,1.41581,0.02884,-0.08365,1.41787,0.02787,0.17987,1.4032,0.03596,0.30931,1.39872,-0.11615,0.06523,1.36606,-0.1579,-0.1217,1.3251,-0.0672,-0.28248,1.22054,-0.06011,-0.30537,1.19039,0.17326,0.07485,1.38713,0.23037,-0.15662,1.32045,0.16926,-0.2304,1.16129,0.14121,-0.26719,1.08938,-0.05137,-0.33457,1.13114,-0.08265,-0.29724,1.17064,0.12909,-0.28418,1.01245,0.09073,-0.28002,1.10391,0.02841,0.1155,1.40918,
0.03239,-0.36163,1.41416,0.02968,-0.08553,1.41525,0.02719,0.17952,1.40116,0.03419,0.30963,1.39664,-0.11696,0.06462,1.36534,-0.15731,-0.1238,1.32425,-0.0678,-0.28086,1.22246,-0.06207,-0.3045,1.19384,0.17374,0.07266,1.38469,0.23025,-0.13242,1.36137,0.17505,-0.27579,1.22241,0.14968,-0.30803,1.17546,-0.04184,-0.32909,1.13874,-0.07891,-0.34153,1.17777,0.1351,-0.33513,1.11877,0.14737,-0.27854,1.17074,0.02796,0.11477,1.40696,
0.03402,-0.36291,1.4127,0.03105,-0.08714,1.41145,0.0278,0.17846,1.39531,0.03229,0.30968,1.38958,-0.11745,0.06393,1.36345,-0.15654,-0.12588,1.32148,-0.06938,-0.28043,1.22241,-0.06307,-0.30308,1.19431,0.18087,0.06881,1.37788,0.23475,-0.12333,1.35023,0.16629,-0.29188,1.20357,0.13996,-0.31807,1.1596,-0.04145,-0.32923,1.1434,-0.0276,-0.3142,1.197,0.11888,-0.34643,1.10714,0.16635,-0.33347,1.1565,0.0287,0.11348,1.40157,
0.03453,-0.3635,1.41258,0.03103,-0.08792,1.40987,0.02683,0.1777,1.39185,0.03027,0.30912,1.38514,-0.11781,0.0636,1.36223,-0.1565,-0.1277,1.31942,-0.07015,-0.28019,1.22285,-0.06344,-0.30341,1.19564,0.18176,0.06847,1.37635,0.23534,-0.12277,1.34913,0.17058,-0.28076,1.21978,0.14516,-0.31014,1.17574,-0.04258,-0.33001,1.14634,-0.02874,-0.31357,1.19615,0.12524,-0.33671,1.11755,0.17002,-0.28407,1.17145,0.02798,0.11268,1.39859,
0.03481,-0.36397,1.4123,0.03056,-0.08838,1.40879,0.02541,0.17739,1.39016,0.02836,0.30852,1.3821,-0.11844,0.06318,1.36111,-0.15678,-0.1287,1.31772,-0.07103,-0.28211,1.22,-0.06335,-0.30445,1.19395,0.18146,0.06827,1.37533,0.23502,-0.12281,1.34856,0.16601,-0.28938,1.20773,0.14171,-0.31659,1.16598,-0.04225,-0.32784,1.14209,-0.02727,-0.31504,1.19453,0.11789,-0.34576,1.1092,0.17079,-0.33778,1.16944,0.02678,0.11233,1.39702,
0.035,-0.36427,1.41208,0.0301,-0.08877,1.40768,0.02426,0.17705,1.38835,0.02665,0.30793,1.37971,-0.1192,0.06246,1.36011,-0.15723,-0.12936,1.31659,-0.07008,-0.28311,1.21778,-0.06269,-0.30587,1.19198,0.17961,0.06889,1.3748,0.23409,-0.12393,1.34765,0.16798,-0.28763,1.21307,0.14363,-0.31436,1.16944,-0.04117,-0.32803,1.14314,-0.07187,-0.3098,1.14595,0.11819,-0.34167,1.11229,0.16908,-0.335,1.16291,0.02579,0.11197,1.39537,
0.03512,-0.36454,1.41172,0.02973,-0.08907,1.40682,0.02348,0.17678,1.38722,0.02578,0.30779,1.37882,-0.1196,0.06229,1.35974,-0.15749,-0.12966,1.31587,-0.05696,-0.30389,1.19755,-0.04155,-0.32891,1.15001,0.17916,0.06876,1.37371,0.23369,-0.12408,1.34672,0.1703,-0.2832,1.21823,0.14717,-0.31045,1.17481,0.00239,-0.35768,1.08836,-0.06474,-0.341,1.09981,0.12588,-0.33684,1.11789,0.17097,-0.33277,1.1725,0.02509,0.1117,1.3943,
0.03513,-0.36459,1.41173,0.0295,-0.08917,1.40653,0.02303,0.17661,1.3867,0.02515,0.30782,1.37851,-0.11985,0.06225,1.35955,-0.15755,-0.12997,1.31516,-0.05687,-0.30423,1.1994,-0.04137,-0.32871,1.1512,0.17886,0.06868,1.37318,0.23333,-0.12449,1.34642,0.1641,-0.29679,1.20018,0.14197,-0.32229,1.15841,-0.00175,-0.35992,1.08581,-0.063,-0.33641,1.09999,0.12315,-0.35173,1.09902,0.16969,-0.33604,1.15663,0.02469,0.11155,1.39384,
0.03514,-0.36466,1.41156,0.02921,-0.08927,1.40622,0.02255,0.17647,1.38641,0.02466,0.30773,1.37816,-0.12004,0.06223,1.35948,-0.15762,-0.12998,1.31504,-0.05663,-0.3048,1.19782,-0.04168,-0.329,1.15007,0.1787,0.06866,1.37296,0.23295,-0.12506,1.34623,0.16773,-0.28931,1.21115,0.14385,-0.31652,1.16652,-0.00925,-0.36193,1.07976,-0.06426,-0.33816,1.10074,0.12119,-0.34265,1.10973,0.17139,-0.33729,1.16322,0.02425,0.11142,1.39354,


***************************************Here**********************************************

