0.04068,-0.37126,1.40378,0.03799,-0.09839,1.39174,0.0351,0.16526,1.36618,0.03122,0.30261,1.35917,-0.12134,0.04215,1.33738,-0.10033,-0.1891,1.25177,-0.05952,-0.34149,1.1243,-0.05501,-0.36257,1.0812,0.18987,0.04469,1.3457,0.20315,-0.17676,1.27249,0.12307,-0.33703,1.10405,0.09761,-0.3719,1.04955,-0.05337,-0.41529,1.02259,-0.08845,-0.38744,1.09444,0.05272,-0.40595,1.01249,0.12989,-0.37782,1.0044,0.03587,0.10071,1.37472,
0.04071,-0.37125,1.40383,0.03797,-0.09842,1.39174,0.03486,0.16506,1.36594,0.03103,0.30247,1.35896,-0.12144,0.04193,1.33795,-0.10039,-0.18914,1.25178,-0.0578,-0.34178,1.1232,-0.05267,-0.36222,1.07978,0.18994,0.04476,1.34601,0.20292,-0.1763,1.27235,0.12132,-0.33556,1.10365,0.08674,-0.38818,1.03446,-0.0394,-0.40721,1.01962,-0.08821,-0.38985,1.09206,0.05644,-0.43058,0.99581,0.12344,-0.37664,0.99744,0.03569,0.10057,1.37457,
0.04076,-0.37126,1.40387,0.03796,-0.09836,1.392,0.03468,0.1652,1.36651,0.03076,0.30243,1.35888,-0.12168,0.04196,1.33753,-0.1007,-0.18928,1.25188,-0.06197,-0.34426,1.12657,-0.06103,-0.36566,1.08649,0.18998,0.04484,1.34627,0.2029,-0.17578,1.27241,0.12123,-0.33508,1.10378,0.08646,-0.38808,1.03428,-0.0654,-0.392,1.04979,-0.09115,-0.39022,1.10077,0.05624,-0.43009,0.99574,0.12454,-0.37529,0.99982,0.03556,0.10068,1.37505,
0.04076,-0.37128,1.40386,0.03788,-0.09847,1.39183,0.03445,0.16487,1.36591,0.03052,0.30238,1.35874,-0.12221,0.04174,1.33658,-0.1005,-0.18963,1.25154,-0.06353,-0.34598,1.12788,-0.06575,-0.36946,1.08863,0.18996,0.0449,1.3464,0.20294,-0.17543,1.27232,0.12032,-0.33426,1.10371,0.08533,-0.38928,1.03345,-0.0691,-0.39776,1.05628,-0.09139,-0.38999,1.10223,0.05764,-0.43127,0.9951,0.12529,-0.37633,1.00028,0.03537,0.10041,1.37458,
0.04066,-0.37132,1.40385,0.03774,-0.09857,1.39166,0.0343,0.16467,1.36544,0.03032,0.30226,1.35861,-0.12218,0.0419,1.33712,-0.10039,-0.18923,1.25133,-0.06172,-0.34346,1.12354,-0.05868,-0.36535,1.08117,0.18996,0.04493,1.34648,0.2029,-0.17536,1.27236,0.11987,-0.33379,1.10356,0.08407,-0.3895,1.03245,-0.06465,-0.41966,1.02657,-0.08983,-0.38752,1.1002,0.05661,-0.43095,0.99497,0.12016,-0.3777,0.99318,0.03522,0.10024,1.37419,
0.04067,-0.37135,1.40386,0.03769,-0.09861,1.39169,0.03423,0.16465,1.36562,0.03023,0.30222,1.35856,-0.12166,0.04186,1.33844,-0.1004,-0.18894,1.2515,-0.05989,-0.3437,1.11987,-0.05478,-0.37123,1.07127,0.18996,0.04495,1.34656,0.20277,-0.17516,1.27237,0.12204,-0.33518,1.10399,0.08737,-0.38779,1.03505,-0.0547,-0.42697,1.01372,-0.08799,-0.38659,1.09747,0.058,-0.42927,0.99546,0.12264,-0.37699,0.9965,0.03515,0.10021,1.37431,
0.04071,-0.37137,1.40383,0.0377,-0.09877,1.39145,0.03424,0.16428,1.36498,0.03014,0.30222,1.35862,-0.1218,0.04189,1.33786,-0.10042,-0.1891,1.25154,-0.06018,-0.34609,1.11973,-0.05702,-0.37203,1.07226,0.18998,0.04497,1.34662,0.20278,-0.17516,1.2724,0.14923,-0.30473,1.15489,0.11609,-0.35327,1.07767,-0.05177,-0.42941,1.01267,-0.08904,-0.38707,1.09852,0.08035,-0.38706,1.01794,0.15402,-0.35365,1.04631,0.03516,0.09989,1.37379,
0.04074,-0.37139,1.40381,0.03772,-0.09887,1.39133,0.03431,0.16405,1.36468,0.03014,0.30218,1.35862,-0.12175,0.04208,1.33758,-0.10034,-0.18902,1.2516,-0.06265,-0.3465,1.12596,-0.0643,-0.36999,1.08645,0.19002,0.04498,1.34669,0.20273,-0.17522,1.2723,0.1208,-0.33428,1.10357,0.08802,-0.39023,1.03117,-0.07046,-0.40021,1.05456,-0.09214,-0.39075,1.10482,0.06494,-0.4302,0.99253,0.12328,-0.38246,0.99265,0.03521,0.09969,1.37354,
0.04075,-0.37138,1.40379,0.03778,-0.09886,1.39132,0.03448,0.16419,1.36504,0.03018,0.30208,1.35835,-0.12188,0.04211,1.33682,-0.1004,-0.18923,1.2516,-0.06267,-0.34649,1.1281,-0.06593,-0.36955,1.09022,0.19005,0.04503,1.34678,0.20274,-0.17501,1.2722,0.14962,-0.30494,1.15492,0.11419,-0.35436,1.07693,-0.07003,-0.4004,1.05867,-0.09183,-0.38577,1.11214,0.07653,-0.38927,1.02026,0.15189,-0.35329,1.0464,0.03534,0.09979,1.37377,
0.0408,-0.37139,1.40377,0.03788,-0.09897,1.39114,0.03472,0.16391,1.36453,0.03031,0.30186,1.35799,-0.1214,0.04203,1.33759,-0.1003,-0.18904,1.25145,-0.06427,-0.34739,1.12776,-0.06735,-0.37071,1.09,0.19008,0.04506,1.34685,0.2027,-0.17489,1.27206,0.12262,-0.33519,1.10364,0.09674,-0.37218,1.04957,-0.06921,-0.39846,1.05478,-0.09202,-0.38889,1.10766,0.05879,-0.40489,1.00947,0.12894,-0.37467,1.00468,0.03554,0.09956,1.37336,
0.04082,-0.37143,1.40374,0.03795,-0.09906,1.39106,0.03487,0.16384,1.36459,0.03039,0.3016,1.35775,-0.12115,0.04206,1.33834,-0.10045,-0.18892,1.25183,-0.06038,-0.3435,1.12417,-0.05785,-0.3648,1.08165,0.18982,0.04497,1.34585,0.20262,-0.17472,1.27198,0.12053,-0.33397,1.10351,0.08711,-0.38593,1.03618,-0.04096,-0.40901,1.02412,-0.08885,-0.38937,1.09529,0.05457,-0.42719,0.99572,0.11918,-0.37611,0.99446,0.03568,0.09947,1.37336,
0.04107,-0.37143,1.40381,0.03803,-0.09905,1.39123,0.03472,0.16393,1.36502,0.03015,0.30171,1.359,-0.12134,0.04209,1.33785,-0.10011,-0.18922,1.25251,-0.05938,-0.34215,1.11353,-0.04873,-0.37783,1.05664,0.18933,0.04471,1.34527,0.21451,-0.15944,1.28911,0.16571,-0.28833,1.16356,0.12957,-0.33247,1.07693,-0.03468,-0.42506,1.00449,-0.087,-0.3905,1.08314,0.10712,-0.36888,1.00637,0.10163,-0.36259,1.07975,0.0356,0.09954,1.37372,
0.03936,-0.3671,1.40807,0.03616,-0.09495,1.40077,0.03185,0.16777,1.38104,0.02824,0.30517,1.37948,-0.12014,0.04217,1.34487,-0.10287,-0.18927,1.25906,-0.06746,-0.34685,1.11995,-0.0636,-0.38378,1.06291,0.18951,0.04783,1.35534,0.28637,-0.17348,1.33458,0.14366,-0.1355,1.14396,0.0973,-0.09614,1.12458,-0.05798,-0.43314,1.01086,-0.09345,-0.40228,1.08822,0.05358,-0.05734,1.09074,0.04674,-0.09276,1.15727,0.03299,0.10346,1.38803,
0.04011,-0.3667,1.41725,0.03794,-0.09293,1.4209,0.03558,0.17152,1.4117,0.0296,0.30857,1.41397,-0.12165,0.04188,1.36881,-0.10882,-0.17774,1.28509,-0.0842,-0.34932,1.16445,-0.09239,-0.3903,1.13211,0.19592,0.05121,1.37872,0.28068,-0.16921,1.36305,0.14114,-0.03608,1.2209,0.10932,0.00038,1.24232,-0.09693,-0.44545,1.07282,-0.1063,-0.39688,1.14544,0.07032,0.03373,1.23837,0.064,-0.01125,1.2289,0.03619,0.10675,1.41611,
0.04046,-0.36631,1.42365,0.03951,-0.09152,1.43424,0.03844,0.17368,1.43182,0.03286,0.31083,1.43589,-0.11918,0.04336,1.38179,-0.11525,-0.16582,1.31043,-0.08973,-0.36467,1.19089,-0.09985,-0.39947,1.14865,0.1975,0.04918,1.38917,0.28717,-0.1683,1.38632,0.17462,0.0097,1.2595,0.11941,0.01132,1.27417,-0.10386,-0.47009,1.11234,-0.11621,-0.44307,1.15233,0.07201,0.04123,1.27097,0.07764,0.00284,1.24885,0.03875,0.10874,1.43454,
0.04058,-0.36387,1.42868,0.04076,-0.08914,1.44137,0.04088,0.17566,1.44106,0.03553,0.31044,1.44292,-0.12001,0.04381,1.39631,-0.12837,-0.15563,1.33569,-0.06046,-0.29406,1.14912,-0.03707,-0.33319,1.08025,0.19042,0.06745,1.41421,0.30191,-0.14292,1.38506,0.22411,0.0034,1.24664,0.17537,0.01721,1.20784,-0.01822,-0.3865,1.04509,-0.06599,-0.37149,1.07947,0.14749,0.0592,1.17126,0.19421,1e-05,1.16275,0.04088,0.11083,1.44323,
0.0346,-0.35994,1.43166,0.03848,-0.08724,1.44559,0.04121,0.17614,1.44667,0.03725,0.31114,1.45207,-0.11951,0.04364,1.39108,-0.1289,-0.15572,1.34202,-0.05199,-0.29751,1.16577,-0.02436,-0.3444,1.10376,0.19382,0.06218,1.42709,0.27717,-0.11506,1.41881,0.27367,-0.18064,1.19383,0.27573,-0.17728,1.16531,-0.0055,-0.37999,1.04926,-0.06809,-0.35475,1.09018,0.27348,-0.19552,1.06836,0.32474,-0.20668,1.147,0.04058,0.11164,1.44843,
0.03443,-0.35919,1.43371,0.03798,-0.08691,1.44748,0.04072,0.17593,1.44807,0.03701,0.31133,1.45533,-0.11989,0.04311,1.39269,-0.12377,-0.16221,1.34374,-0.07361,-0.31037,1.15362,-0.04442,-0.36491,1.09365,0.19453,0.0586,1.42699,0.28663,-0.13864,1.42363,0.28663,-0.21131,1.19938,0.2822,-0.19963,1.16233,-0.03289,-0.39488,1.03431,-0.07671,-0.37806,1.09854,0.27967,-0.21384,1.08592,0.28705,-0.25112,1.16916,0.0401,0.11155,1.44999,
0.03524,-0.35898,1.43441,0.03838,-0.08709,1.44828,0.04095,0.17532,1.44893,0.03714,0.31109,1.45543,-0.11992,0.04175,1.39643,-0.11888,-0.16578,1.33699,-0.06214,-0.30206,1.19535,-0.02661,-0.32213,1.17559,0.19177,0.05918,1.42835,0.31659,-0.10369,1.31309,0.25859,0.03941,1.1998,0.23082,0.08392,1.15767,0.03058,-0.35796,1.1226,-0.04892,-0.32676,1.12703,0.20139,0.13925,1.1047,0.2369,0.11629,1.1526,0.04037,0.11106,1.45084,
0.03722,-0.355,1.43778,0.04487,-0.08605,1.45288,0.05438,0.17235,1.45525,0.0497,0.30038,1.44438,-0.10892,0.0444,1.40672,-0.11872,-0.15931,1.338,-0.03472,-0.31702,1.17576,-0.00763,-0.35346,1.11895,0.19276,0.05777,1.42235,0.27216,0.05646,1.25068,0.17104,0.23961,1.24579,0.14105,0.27938,1.26134,0.02743,-0.39677,1.06008,0.03034,-0.35362,1.13515,0.08892,0.34068,1.26628,0.10152,0.26366,1.29352,0.05198,0.10919,1.45677,
0.03777,-0.35403,1.43978,0.04598,-0.08599,1.45347,0.05305,0.17177,1.45145,0.05197,0.29913,1.4435,-0.10875,0.04388,1.40586,-0.11899,-0.15861,1.34019,-0.07956,-0.33955,1.22549,-0.08989,-0.36687,1.18911,0.18892,0.05915,1.41911,0.27392,0.0581,1.2503,0.20863,0.21818,1.28252,0.17678,0.25205,1.30463,-0.09932,-0.39918,1.15014,-0.06614,-0.34011,1.15088,0.11916,0.31402,1.31818,0.13452,0.23793,1.33257,0.05154,0.10872,1.45437,
0.03745,-0.35305,1.44078,0.04475,-0.08541,1.45352,0.05158,0.17183,1.45358,0.0523,0.29948,1.44516,-0.11028,0.04472,1.40444,-0.12029,-0.15705,1.34112,-0.04608,-0.30857,1.18165,-0.02456,-0.34352,1.13223,0.18637,0.06191,1.42008,0.27318,0.05795,1.25229,0.16872,0.27226,1.27702,0.12211,0.31039,1.30737,0.01343,-0.3854,1.06572,0.01658,-0.33932,1.13283,0.0886,0.32742,1.31939,0.1202,0.31671,1.35385,0.04984,0.10893,1.45546,
0.03721,-0.35212,1.44189,0.04751,-0.08502,1.45648,0.05865,0.17183,1.45866,0.05517,0.29791,1.44616,-0.10627,0.04704,1.41034,-0.12103,-0.15556,1.34106,-0.08049,-0.34196,1.21253,-0.08794,-0.37287,1.17333,0.18512,0.06093,1.42096,0.25854,0.07314,1.24694,0.13651,0.2768,1.2779,0.08805,0.3162,1.3154,-0.09204,-0.40231,1.13185,-0.06637,-0.344,1.13487,0.06579,0.35898,1.32846,0.03898,0.2936,1.30725,0.05589,0.10898,1.46018,
0.03749,-0.35217,1.44219,0.04675,-0.08538,1.45352,0.05323,0.1714,1.44719,0.05896,0.2973,1.4419,-0.11071,0.04548,1.39882,-0.12173,-0.15663,1.33987,-0.06479,-0.3387,1.19837,-0.08369,-0.3684,1.15869,0.18524,0.06118,1.42134,0.27201,0.04077,1.25474,0.20327,0.20322,1.29354,0.16819,0.24782,1.31868,-0.08848,-0.39777,1.11641,-0.04979,-0.33103,1.12077,0.11692,0.31531,1.33159,0.13304,0.2218,1.347,0.05186,0.10852,1.4511,
0.03801,-0.35265,1.44204,0.04545,-0.0862,1.44905,0.05004,0.17102,1.43939,0.06121,0.29676,1.4378,-0.11263,0.04477,1.39358,-0.12194,-0.15881,1.33689,-0.07682,-0.34576,1.20255,-0.09071,-0.37752,1.16013,0.18619,0.06249,1.42015,0.27053,-0.00381,1.26513,0.21136,0.17764,1.31012,0.17702,0.22082,1.3294,-0.09281,-0.40529,1.12054,-0.06796,-0.34052,1.12555,0.13029,0.28749,1.34594,0.136,0.20008,1.356,0.04906,0.108,1.444,
0.03928,-0.35961,1.43542,0.04478,-0.08922,1.44119,0.04931,0.17079,1.43208,0.055,0.30048,1.42593,-0.11357,0.04474,1.39065,-0.12143,-0.16074,1.33291,-0.05218,-0.32372,1.17527,-0.03799,-0.34631,1.1243,0.17572,0.05481,1.39092,0.23694,-0.0918,1.29511,0.17513,0.13898,1.24978,0.1527,0.15306,1.23712,-0.02955,-0.36097,1.08242,0.00965,-0.34362,1.12173,0.13493,0.19177,1.24624,0.12429,0.15622,1.30137,0.04829,0.10717,1.4366,
0.0349,-0.36295,1.4289,0.04064,-0.09163,1.43303,0.04582,0.16944,1.42295,0.04978,0.30354,1.41689,-0.1165,0.044,1.38421,-0.11791,-0.16792,1.3211,-0.07508,-0.34849,1.16046,-0.07465,-0.39062,1.10811,0.18858,0.05026,1.3912,0.23818,-0.17439,1.30112,0.15012,-0.20825,1.14212,0.10999,-0.23402,1.07264,-0.07476,-0.44743,1.05422,-0.0511,-0.35708,1.07229,0.08035,-0.24093,1.00186,0.14204,-0.24144,1.04632,0.0446,0.10558,1.42765,
0.03504,-0.36159,1.42353,0.04052,-0.09132,1.42478,0.04535,0.169,1.41206,0.04562,0.30476,1.4075,-0.11828,0.04361,1.37861,-0.11487,-0.17119,1.3141,-0.06299,-0.35076,1.15494,-0.06595,-0.38341,1.10296,0.19252,0.04769,1.38779,0.22612,-0.15267,1.34155,0.15398,-0.30456,1.19342,0.12874,-0.33077,1.14602,-0.05886,-0.40222,1.06503,-0.03769,-0.34334,1.07733,0.11188,-0.36046,1.0762,0.14821,-0.34673,1.10194,0.04423,0.10529,1.4174,
0.03757,-0.36225,1.41854,0.0417,-0.09182,1.41742,0.04532,0.16881,1.40226,0.04339,0.30539,1.3984,-0.11883,0.04281,1.37171,-0.11261,-0.17499,1.30838,-0.07792,-0.36106,1.1634,-0.08114,-0.40695,1.11384,0.20116,0.04453,1.37539,0.22801,-0.14959,1.32909,0.14766,-0.30606,1.18241,0.12349,-0.33171,1.13674,-0.07427,-0.45952,1.06533,-0.06339,-0.38993,1.06143,0.09378,-0.36017,1.06817,0.15976,-0.35343,1.12925,0.0445,0.10501,1.40823,
0.03964,-0.36314,1.41698,0.04282,-0.09231,1.4149,0.04579,0.16872,1.39847,0.04273,0.30488,1.39304,-0.11896,0.04231,1.36849,-0.11151,-0.17609,1.30666,-0.07152,-0.35846,1.15729,-0.07549,-0.39851,1.10788,0.20494,0.04316,1.36843,0.22877,-0.15327,1.3215,0.14963,-0.30625,1.18293,0.12375,-0.33224,1.13756,-0.07295,-0.4558,1.05715,-0.0527,-0.35721,1.07641,0.09199,-0.36063,1.06909,0.15933,-0.35601,1.12754,0.04511,0.10482,1.40479,
0.04163,-0.36382,1.4164,0.04408,-0.09299,1.41337,0.04627,0.16812,1.39598,0.04277,0.3045,1.39052,-0.11874,0.04219,1.36696,-0.10906,-0.17946,1.30307,-0.0732,-0.35582,1.15919,-0.07698,-0.3964,1.11122,0.20598,0.04298,1.36739,0.22877,-0.15189,1.32121,0.15153,-0.3073,1.18579,0.12588,-0.33107,1.14245,-0.07446,-0.45169,1.0611,-0.0531,-0.35673,1.07773,0.1036,-0.36315,1.06963,0.161,-0.36028,1.13005,0.04581,0.1042,1.40255,
0.04353,-0.36498,1.41579,0.04504,-0.09363,1.41232,0.04655,0.16788,1.39474,0.04338,0.30411,1.38877,-0.11861,0.04238,1.36631,-0.1091,-0.17892,1.3027,-0.06823,-0.35284,1.15519,-0.072,-0.38781,1.10738,0.20482,0.04446,1.37139,0.22759,-0.15332,1.32045,0.14621,-0.30652,1.18121,0.11596,-0.33559,1.13147,-0.07352,-0.44703,1.05857,-0.09395,-0.40809,1.12388,0.08412,-0.3632,1.06793,0.15511,-0.3551,1.11646,0.04623,0.10388,1.40135,


***************************************Here**********************************************

