-0.02977,-0.42594,1.56359,-0.02775,-0.1585,1.53843,-0.02611,0.10216,1.49937,-0.01984,0.2287,1.48526,-0.17349,0.00776,1.49023,-0.1388,-0.17341,1.3841,-0.08846,-0.30205,1.23637,-0.0883,-0.3184,1.20997,0.11366,0.01647,1.5065,0.11863,-0.15698,1.41255,0.08109,-0.3006,1.23678,0.06398,-0.36554,1.15093,-0.08686,-0.34395,1.15048,-0.06228,-0.31724,1.19257,0.05642,-0.39431,1.10191,0.09865,-0.37154,1.13821,-0.02667,0.03813,1.51104,
-0.03211,-0.42644,1.56195,-0.02841,-0.15878,1.53782,-0.02594,0.10195,1.49944,-0.01971,0.22861,1.48527,-0.17335,0.00773,1.49025,-0.13749,-0.17257,1.38338,-0.08895,-0.30225,1.23599,-0.08912,-0.31941,1.20853,0.11372,0.01637,1.50679,0.11695,-0.15718,1.41202,0.08051,-0.30109,1.23617,0.06348,-0.36579,1.15007,-0.0905,-0.34459,1.15042,-0.0584,-0.3194,1.1998,0.05583,-0.39401,1.10132,0.09866,-0.37138,1.13807,-0.02661,0.03793,1.51104,
-0.03544,-0.42718,1.55911,-0.02973,-0.15918,1.53689,-0.02592,0.10176,1.49949,-0.01964,0.22853,1.48526,-0.17327,0.00772,1.49021,-0.14086,-0.17329,1.385,-0.08864,-0.31271,1.21961,-0.08941,-0.31831,1.20915,0.11373,0.01626,1.50694,0.11532,-0.1565,1.41203,0.07972,-0.30139,1.23677,0.06337,-0.36616,1.14998,-0.09093,-0.34442,1.14862,-0.05897,-0.3193,1.1986,0.05441,-0.3946,1.10031,0.09866,-0.37176,1.13765,-0.02673,0.03771,1.51105,
-0.03593,-0.42565,1.56702,-0.0302,-0.15902,1.53964,-0.02594,0.10156,1.49957,-0.01963,0.22833,1.48517,-0.17323,0.00773,1.49023,-0.14224,-0.17378,1.38596,-0.08963,-0.30717,1.22881,-0.08942,-0.31687,1.21098,0.11376,0.016,1.50694,0.11462,-0.15651,1.41205,0.07923,-0.30123,1.23655,0.06814,-0.33983,1.1832,-0.08509,-0.34142,1.15097,-0.0585,-0.31626,1.20608,0.0604,-0.36608,1.1242,0.09596,-0.34701,1.18561,-0.02681,0.03752,1.51134,
-0.03524,-0.42648,1.56529,-0.03062,-0.15928,1.53924,-0.02642,0.1012,1.49968,-0.01981,0.22814,1.48523,-0.17323,0.00774,1.49025,-0.14353,-0.17365,1.38686,-0.0905,-0.30406,1.23333,-0.08996,-0.31682,1.21217,0.11369,0.0158,1.50688,0.11409,-0.15647,1.41228,0.07908,-0.30123,1.2367,0.06273,-0.36732,1.14772,-0.08671,-0.34197,1.15302,-0.05637,-0.32205,1.20027,0.05429,-0.39666,1.09927,0.09725,-0.36958,1.13541,-0.02733,0.03719,1.51146,
-0.04064,-0.41237,1.55934,-0.03299,-0.15495,1.53777,-0.02677,0.10091,1.49971,-0.01996,0.22805,1.4853,-0.17323,0.00775,1.49029,-0.14406,-0.17348,1.38727,-0.09077,-0.30248,1.23575,-0.0893,-0.31668,1.21222,0.11365,0.01573,1.50688,0.11387,-0.1564,1.41231,0.07905,-0.30101,1.23653,0.06377,-0.36592,1.14888,-0.08633,-0.34202,1.15192,-0.05669,-0.32092,1.20168,0.05528,-0.39476,1.10002,0.09756,-0.37071,1.13618,-0.02787,0.03721,1.51157,
-0.04186,-0.4106,1.55472,-0.03448,-0.15301,1.5348,-0.02737,0.10059,1.49971,-0.02035,0.22773,1.48533,-0.17326,0.00775,1.49036,-0.14388,-0.17373,1.38715,-0.08779,-0.3098,1.22385,-0.08827,-0.3187,1.208,0.11356,0.01565,1.50697,0.11417,-0.1571,1.41171,0.08054,-0.30231,1.23618,0.06664,-0.36667,1.14737,-0.09052,-0.34443,1.14896,-0.05951,-0.31978,1.19295,0.06152,-0.39699,1.09898,0.1007,-0.36876,1.13548,-0.02879,0.03745,1.51104,
-0.04445,-0.40951,1.55483,-0.03594,-0.15218,1.5347,-0.028,0.10026,1.50035,-0.02125,0.22732,1.48534,-0.17337,0.00758,1.49048,-0.13322,-0.17143,1.38386,-0.08615,-0.31379,1.21999,-0.08589,-0.32195,1.20574,0.11324,0.01577,1.50731,0.11769,-0.1591,1.41261,0.08396,-0.30341,1.23628,0.06988,-0.3719,1.14101,-0.09087,-0.34839,1.14606,-0.05318,-0.323,1.19841,0.06651,-0.4015,1.09633,0.10476,-0.37202,1.13067,-0.02965,0.0376,1.51133,
-0.05206,-0.41031,1.56114,-0.04131,-0.15114,1.53939,-0.03176,0.10177,1.50526,-0.02692,0.22706,1.49318,-0.17433,0.00653,1.49151,-0.14647,-0.17552,1.39265,-0.08762,-0.31514,1.21904,-0.06677,-0.35675,1.15789,0.11271,0.0142,1.50906,0.13916,-0.17283,1.4312,0.11115,-0.30934,1.24754,0.08604,-0.35661,1.15554,-0.05019,-0.38712,1.10684,-0.03249,-0.35022,1.15961,0.08058,-0.38226,1.09955,0.1192,-0.35101,1.14258,-0.03395,0.03938,1.51597,
-0.05247,-0.41062,1.56289,-0.04439,-0.14999,1.54699,-0.03813,0.10531,1.52274,-0.03591,0.23395,1.5138,-0.1773,0.00551,1.49543,-0.17497,-0.176,1.41801,-0.09631,-0.30474,1.24379,-0.06934,-0.34429,1.18595,0.11064,0.01153,1.52458,0.16647,-0.1671,1.49717,0.13405,-0.25102,1.28422,0.09791,-0.28897,1.19966,-0.04828,-0.37048,1.13111,-0.03521,-0.33899,1.18259,0.06839,-0.3131,1.14052,0.1195,-0.33026,1.21155,-0.03957,0.04241,1.53065,
-0.04655,-0.40356,1.56377,-0.04427,-0.14012,1.56053,-0.04131,0.11631,1.54595,-0.0421,0.24442,1.54281,-0.18288,0.00919,1.51005,-0.19177,-0.16797,1.42819,-0.10728,-0.28513,1.27095,-0.08275,-0.31217,1.21433,0.11037,0.02043,1.54988,0.21628,-0.17776,1.5151,0.0727,-0.1046,1.35503,0.03997,-0.09063,1.35577,-0.05567,-0.34033,1.16258,-0.04512,-0.3151,1.21214,-0.00688,-0.06499,1.34206,0.06506,-0.10186,1.31462,-0.04211,0.05327,1.55159,
-0.04908,-0.39976,1.57649,-0.04507,-0.13377,1.57855,-0.04041,0.12447,1.5687,-0.04423,0.25299,1.57176,-0.18467,0.01562,1.53496,-0.21581,-0.18426,1.43651,-0.12147,-0.2542,1.31003,-0.09141,-0.27663,1.25774,0.10811,0.02805,1.56044,0.20148,-0.17348,1.50511,0.08946,-0.06055,1.40597,0.05785,-0.04436,1.42526,-0.06254,-0.29653,1.20643,-0.06248,-0.27896,1.26442,0.01697,-0.02654,1.42944,0.02506,-0.07703,1.43631,-0.04163,0.06101,1.57319,
-0.04898,-0.39717,1.58452,-0.04552,-0.13006,1.59096,-0.04165,0.1298,1.58606,-0.04546,0.25822,1.59084,-0.18702,0.01518,1.54423,-0.21909,-0.19281,1.4684,-0.09888,-0.29284,1.3226,-0.09554,-0.3101,1.31179,0.10305,0.05048,1.58845,0.21178,-0.12835,1.48968,0.09862,-0.00731,1.397,0.06399,0.02036,1.38139,-0.05565,-0.32286,1.25192,-0.05513,-0.3189,1.32812,0.01486,0.05251,1.37561,0.04383,-0.00787,1.33271,-0.04266,0.06587,1.58928,
-0.04393,-0.39209,1.59397,-0.04145,-0.12513,1.60358,-0.03876,0.1341,1.60085,-0.04521,0.26001,1.60157,-0.18711,0.01781,1.5618,-0.22392,-0.18918,1.48471,-0.10871,-0.29379,1.31446,-0.07413,-0.32637,1.26043,0.10125,0.02798,1.58967,0.23715,-0.05452,1.42305,0.17468,0.13036,1.38947,0.15594,0.18093,1.38105,-0.03908,-0.34972,1.20321,-0.0421,-0.32896,1.26842,0.13533,0.23801,1.39895,0.18909,0.17098,1.39088,-0.03947,0.07036,1.60359,
-0.04252,-0.38768,1.59922,-0.03877,-0.12224,1.60952,-0.03373,0.13566,1.60789,-0.04041,0.2586,1.60349,-0.18162,0.02443,1.56971,-0.21783,-0.15934,1.50428,-0.1251,-0.28144,1.35276,-0.103,-0.30675,1.30199,0.10818,0.02793,1.59234,0.20993,0.03074,1.44794,0.09098,0.22009,1.46441,0.06985,0.24281,1.47952,-0.08738,-0.32309,1.24806,-0.09533,-0.28298,1.29546,0.02889,0.25651,1.51243,0.08087,0.26361,1.49366,-0.03512,0.0723,1.61031,
-0.04114,-0.3847,1.60143,-0.03723,-0.12095,1.6114,-0.0325,0.13554,1.60956,-0.03858,0.25706,1.6045,-0.17934,0.02529,1.57298,-0.21751,-0.15446,1.50666,-0.12856,-0.28474,1.35063,-0.10484,-0.30867,1.29959,0.10611,0.03481,1.59095,0.21051,0.03269,1.44857,0.13439,0.19475,1.45513,0.10629,0.22162,1.46991,-0.09732,-0.32925,1.24025,-0.09657,-0.28464,1.28987,0.06636,0.25533,1.48577,0.10609,0.19638,1.4987,-0.03379,0.07247,1.61203,
-0.04378,-0.38549,1.60139,-0.03783,-0.1209,1.61213,-0.03265,0.13566,1.61041,-0.03927,0.2587,1.61102,-0.17868,0.02549,1.5736,-0.2263,-0.17429,1.49355,-0.12314,-0.28789,1.34195,-0.0981,-0.31602,1.27049,0.10555,0.03497,1.59187,0.21186,0.02792,1.45119,0.12754,0.19122,1.4686,0.1012,0.21291,1.47648,-0.08678,-0.34346,1.20902,-0.06712,-0.31187,1.23709,0.06692,0.25014,1.49934,0.088,0.18804,1.49033,-0.034,0.07254,1.61281,
-0.04678,-0.38404,1.6039,-0.03923,-0.12036,1.61292,-0.03309,0.1362,1.61087,-0.04692,0.26156,1.61578,-0.17857,0.02534,1.5743,-0.23256,-0.16125,1.5071,-0.13183,-0.22041,1.3417,-0.07673,-0.20152,1.27731,0.10525,0.036,1.59426,0.2175,-0.00776,1.46635,0.09158,0.13163,1.42402,0.06936,0.16801,1.41794,-0.03632,-0.20931,1.21392,-0.05894,-0.24672,1.28187,0.03711,0.2084,1.4262,0.03545,0.15272,1.44585,-0.03453,0.0731,1.61347,
-0.04371,-0.38311,1.61144,-0.04303,-0.12163,1.61371,-0.04867,0.13089,1.60301,-0.05026,0.26274,1.61239,-0.18152,0.02783,1.57656,-0.24297,-0.16472,1.46768,-0.08563,-0.06158,1.39213,-0.05034,-0.03463,1.37953,0.10196,0.03231,1.59359,0.22289,-0.02158,1.44804,0.08044,0.10506,1.39049,0.03936,0.11313,1.37972,-0.00115,-0.01242,1.34095,-0.01645,-0.06182,1.40523,-0.00447,0.13779,1.36895,0.0122,0.08791,1.39507,-0.04684,0.06893,1.60824,
-0.04236,-0.38839,1.61509,-0.04322,-0.12385,1.61399,-0.04676,0.13063,1.60032,-0.0501,0.25757,1.60615,-0.18344,0.02883,1.57961,-0.27093,-0.15784,1.474,-0.09577,-0.06084,1.42454,-0.07949,-0.02047,1.42864,0.09804,0.0286,1.58605,0.22269,-0.0355,1.46644,0.07555,0.09696,1.42054,0.03346,0.11979,1.42268,-0.01978,-0.01353,1.39646,-0.05626,-0.05023,1.4538,-0.01306,0.14084,1.40955,0.02715,0.12875,1.37166,-0.04599,0.06795,1.6063,
-0.0451,-0.39182,1.61831,-0.04423,-0.12633,1.61549,-0.04462,0.12963,1.60099,-0.0485,0.25433,1.6062,-0.18451,0.02803,1.58123,-0.27213,-0.15864,1.47564,-0.08469,-0.06725,1.40105,-0.07673,-0.02282,1.42758,0.10139,0.00939,1.59621,0.23301,-0.06269,1.50393,0.11034,0.06727,1.40905,0.06078,0.08629,1.41378,-0.01542,-0.01811,1.38983,-0.04944,-0.05092,1.43957,0.01825,0.09141,1.39697,0.03073,0.06523,1.38708,-0.04497,0.06655,1.60685,
-0.04672,-0.39292,1.61856,-0.04485,-0.12739,1.6153,-0.04349,0.12892,1.59959,-0.04836,0.25235,1.60421,-0.18446,0.0283,1.5822,-0.26508,-0.16166,1.47694,-0.08825,-0.05171,1.41838,-0.07233,-0.03728,1.40853,0.10091,0.00534,1.59628,0.22165,-0.08332,1.50969,0.10183,0.06587,1.41481,0.05316,0.09162,1.39831,-0.03283,0.00129,1.3697,-0.03187,-0.06452,1.428,0.01899,0.12885,1.38156,0.01646,0.07378,1.39577,-0.04424,0.06576,1.60576,
-0.04783,-0.38984,1.61651,-0.04517,-0.12715,1.61633,-0.04155,0.12743,1.60573,-0.04856,0.25189,1.60424,-0.18417,0.02791,1.58262,-0.20512,-0.17073,1.4633,-0.06253,-0.14859,1.34927,-0.02481,-0.1358,1.30189,0.10057,0.01138,1.59552,0.21596,-0.08988,1.51698,0.15434,0.06734,1.4321,0.1216,0.1079,1.4269,0.01168,-0.13369,1.26328,0.00489,-0.11482,1.321,0.08329,0.15344,1.36124,0.14804,0.1109,1.38536,-0.0428,0.06493,1.61018,
-0.04879,-0.3922,1.59735,-0.04367,-0.12672,1.61131,-0.03884,0.12952,1.60771,-0.04831,0.25252,1.60515,-0.1853,0.02533,1.58355,-0.22545,-0.18441,1.49574,-0.10063,-0.26623,1.36998,-0.07116,-0.28143,1.32989,0.11383,0.02575,1.59636,0.26996,-0.02165,1.47172,0.14535,0.10275,1.43132,0.10839,0.1209,1.40391,-0.0298,-0.29009,1.26091,-0.02986,-0.26632,1.31843,0.07025,0.14479,1.36092,0.11145,0.13089,1.36245,-0.04066,0.06637,1.61061,
-0.04803,-0.39248,1.60162,-0.04413,-0.12701,1.61212,-0.04026,0.12984,1.60853,-0.04903,0.25245,1.60634,-0.1875,0.02035,1.58378,-0.22886,-0.16228,1.53123,-0.10498,-0.28188,1.37829,-0.08024,-0.30078,1.35089,0.11409,0.02211,1.59782,0.29575,0.00477,1.48119,0.14318,0.10544,1.42736,0.10467,0.10442,1.40569,-0.03998,-0.30909,1.2921,-0.09645,-0.32524,1.33945,0.0625,0.11438,1.37755,0.07744,0.07257,1.43634,-0.04155,0.06653,1.61136,
-0.04869,-0.39425,1.6031,-0.04534,-0.12831,1.61279,-0.04209,0.12902,1.60905,-0.04965,0.25194,1.60705,-0.18782,0.01872,1.58302,-0.2291,-0.1611,1.53047,-0.10926,-0.28607,1.37855,-0.0839,-0.30915,1.34587,0.11212,0.01792,1.59994,0.29222,-0.01192,1.49282,0.16469,0.08923,1.44378,0.10169,0.09191,1.40236,-0.0329,-0.31622,1.28621,-0.11944,-0.33775,1.31782,0.04869,0.1003,1.39692,0.07827,0.06565,1.44304,-0.04303,0.0657,1.61196,
-0.052,-0.40007,1.59957,-0.04646,-0.13087,1.61213,-0.04225,0.12843,1.60986,-0.0515,0.25239,1.61277,-0.18664,0.01885,1.58188,-0.23128,-0.16465,1.5256,-0.13297,-0.27019,1.36095,-0.0996,-0.26779,1.31385,0.10593,0.0112,1.59983,0.27178,-0.04807,1.4923,0.13817,0.04731,1.40955,0.09831,0.05154,1.37056,-0.05976,-0.27766,1.25201,-0.11944,-0.32436,1.3439,0.0553,0.06672,1.35505,0.08238,0.02507,1.4245,-0.04328,0.06489,1.61251,
-0.05324,-0.40079,1.60768,-0.04776,-0.13289,1.61455,-0.04283,0.12731,1.61088,-0.0503,0.25244,1.61113,-0.18604,0.02306,1.58299,-0.26998,-0.15132,1.48683,-0.12956,-0.0827,1.36129,-0.09492,-0.04727,1.33897,0.09927,0.04537,1.61383,0.24608,-0.09082,1.49597,0.12759,-0.0119,1.3896,0.08133,-0.00909,1.36603,-0.04557,-0.00285,1.30382,-0.07525,-0.03482,1.275,0.03698,0.02475,1.33425,0.06213,-0.00758,1.37812,-0.04401,0.06363,1.61352,
-0.05266,-0.39746,1.5907,-0.04789,-0.13191,1.61104,-0.04297,0.12694,1.61344,-0.04725,0.25444,1.61594,-0.18444,0.02816,1.58531,-0.28054,-0.14043,1.47906,-0.13493,-0.06885,1.36865,-0.09316,-0.04296,1.36442,0.09981,0.04844,1.61673,0.22268,-0.11219,1.50245,0.06957,-0.04178,1.35833,0.06388,-0.03764,1.34901,-0.04885,-0.02878,1.33758,-0.10258,-0.03615,1.31495,0.02726,-0.04096,1.32442,0.03453,-0.07679,1.37358,-0.04415,0.06347,1.61453,
-0.04815,-0.39369,1.58816,-0.04582,-0.12978,1.6093,-0.04256,0.12756,1.61432,-0.04635,0.2546,1.61678,-0.18446,0.03215,1.58968,-0.27873,-0.14583,1.48466,-0.14056,-0.06847,1.37281,-0.10598,-0.03828,1.35559,0.09955,0.05066,1.61862,0.22315,-0.11416,1.51216,0.15419,-0.03216,1.37597,0.11901,-0.02079,1.35015,-0.05193,-0.0078,1.324,-0.07811,-0.01986,1.28522,0.07225,-5e-05,1.30514,0.06472,0.00032,1.3215,-0.04344,0.0643,1.61483,
-0.04945,-0.39373,1.58707,-0.04625,-0.1288,1.60844,-0.04311,0.12813,1.6152,-0.04548,0.25464,1.61535,-0.1835,0.0322,1.58919,-0.2814,-0.15404,1.49479,-0.15924,-0.08156,1.36884,-0.1218,-0.06395,1.34001,0.09991,0.04808,1.6185,0.23379,-0.12555,1.54986,0.18595,-0.05523,1.39826,0.16424,-0.04532,1.35319,-0.0734,-0.06324,1.31528,-0.09164,-0.03666,1.356,0.13402,-0.05442,1.30761,0.11535,-0.07804,1.365,-0.04387,0.06489,1.6154,
-0.04054,-0.40071,1.60949,-0.04282,-0.13101,1.61354,-0.04178,0.12844,1.6118,-0.04316,0.25472,1.61004,-0.18199,0.03045,1.58696,-0.27104,-0.16582,1.50571,-0.15885,-0.1258,1.34727,-0.12444,-0.11013,1.30478,0.10137,0.04443,1.6166,0.20925,-0.14932,1.55871,0.19376,-0.1085,1.379,0.17422,-0.08916,1.32247,-0.07989,-0.10226,1.27438,-0.1037,-0.08321,1.31054,0.1457,-0.07262,1.26899,0.12963,-0.09654,1.35576,-0.04268,0.06486,1.61392,
-0.04194,-0.40148,1.60894,-0.04158,-0.13174,1.6129,-0.03873,0.12859,1.60608,-0.04008,0.25484,1.60288,-0.17908,0.02769,1.58189,-0.2257,-0.16156,1.50012,-0.13248,-0.22255,1.2971,-0.06727,-0.23083,1.19019,0.11031,0.0352,1.60644,0.18814,-0.13279,1.54551,0.1582,-0.19706,1.32492,0.11701,-0.23004,1.20195,-0.03863,-0.23987,1.1446,-0.03416,-0.22069,1.202,0.0974,-0.24022,1.14515,0.0921,-0.20652,1.19205,-0.03981,0.06463,1.61002,
-0.04038,-0.39847,1.56726,-0.03806,-0.13224,1.58699,-0.03552,0.12713,1.59035,-0.03721,0.25446,1.59,-0.17103,0.01316,1.54595,-0.18001,-0.17203,1.44127,-0.09363,-0.30647,1.27489,-0.05756,-0.35798,1.16504,0.11013,0.03411,1.57811,0.13633,-0.14186,1.48374,0.10259,-0.26097,1.31976,0.08982,-0.29081,1.27913,-0.04126,-0.38414,1.11712,-0.03014,-0.33483,1.16722,0.0822,-0.31466,1.22776,0.11723,-0.3022,1.25519,-0.03623,0.06328,1.59176,
-0.0348,-0.39834,1.56,-0.03466,-0.13208,1.56944,-0.0343,0.12583,1.56378,-0.03479,0.25635,1.56674,-0.17272,0.01712,1.54113,-0.15742,-0.17138,1.41112,-0.07202,-0.30731,1.24527,-0.05648,-0.35684,1.16319,0.10867,0.03416,1.55742,0.12777,-0.14307,1.47154,0.09441,-0.26429,1.33161,0.07903,-0.3004,1.27711,-0.04289,-0.38315,1.11761,-0.02692,-0.33532,1.15683,0.05711,-0.32869,1.22452,0.08036,-0.28359,1.24838,-0.03443,0.06248,1.56739,
-0.03324,-0.40087,1.55579,-0.03386,-0.13538,1.55866,-0.03459,0.12244,1.54745,-0.03517,0.25193,1.54571,-0.17366,0.01376,1.51292,-0.15793,-0.17166,1.41572,-0.07322,-0.30458,1.24691,-0.05433,-0.35722,1.16023,0.10941,0.03082,1.54139,0.12857,-0.14715,1.46175,0.08734,-0.29167,1.28636,0.07524,-0.31785,1.24591,-0.04406,-0.38301,1.11371,-0.02538,-0.33694,1.15856,0.05232,-0.33916,1.18978,0.10021,-0.33033,1.2324,-0.03444,0.05908,1.5524,
-0.0325,-0.40177,1.55531,-0.03338,-0.13688,1.55492,-0.03463,0.12019,1.53938,-0.03526,0.24998,1.53689,-0.17404,0.01318,1.51389,-0.1583,-0.17233,1.41513,-0.07438,-0.30582,1.24639,-0.05553,-0.35621,1.16167,0.11012,0.02987,1.53683,0.12901,-0.15011,1.4583,0.09191,-0.27203,1.32005,0.08158,-0.29629,1.28652,-0.04495,-0.38212,1.11486,-0.02608,-0.33606,1.15711,0.06217,-0.32612,1.23146,0.11142,-0.2984,1.25183,-0.03432,0.05701,1.54548,
-0.03199,-0.40358,1.55438,-0.03368,-0.13916,1.55166,-0.03548,0.11762,1.53459,-0.035,0.24549,1.52657,-0.17419,0.0102,1.50332,-0.15901,-0.17346,1.41455,-0.07435,-0.30717,1.2464,-0.05533,-0.35669,1.16254,0.111,0.02828,1.53348,0.13034,-0.1529,1.4573,0.09144,-0.27795,1.31059,0.08009,-0.30274,1.27544,-0.04501,-0.38344,1.11438,-0.02591,-0.33588,1.15845,0.0548,-0.33244,1.22039,0.10788,-0.30468,1.24364,-0.03507,0.05451,1.54102,
-0.03168,-0.40426,1.55475,-0.03358,-0.13976,1.55089,-0.03549,0.11677,1.53318,-0.03474,0.24446,1.52414,-0.17422,0.00995,1.50249,-0.1595,-0.17367,1.41476,-0.07565,-0.3085,1.24716,-0.05596,-0.35167,1.16857,0.11149,0.02735,1.53187,0.13048,-0.15528,1.45608,0.09024,-0.29003,1.28997,0.07782,-0.31284,1.25542,-0.04598,-0.37863,1.11651,-0.02608,-0.33624,1.16132,0.05946,-0.33439,1.20031,0.10215,-0.33587,1.2428,-0.03507,0.05375,1.53982,
-0.03134,-0.40485,1.5542,-0.03337,-0.14029,1.55052,-0.0353,0.11628,1.53305,-0.0343,0.2436,1.52326,-0.17418,0.00994,1.50252,-0.15993,-0.1747,1.41559,-0.07918,-0.31007,1.2469,-0.06141,-0.35687,1.16217,0.11192,0.02667,1.5314,0.13029,-0.15544,1.45585,0.09149,-0.29296,1.27428,0.06852,-0.33859,1.20876,-0.05201,-0.38617,1.1153,-0.03027,-0.33642,1.15652,0.05729,-0.3641,1.1507,0.0991,-0.34898,1.21089,-0.03488,0.05325,1.53963,


***************************************Here**********************************************

