0.00883,-0.37837,1.28669,0.0143,-0.12538,1.31883,0.01974,0.1184,1.33779,0.02314,0.24263,1.34018,-0.1196,0.02229,1.33805,-0.14147,-0.16776,1.26796,-0.11526,-0.31122,1.15621,-0.10193,-0.36239,1.10595,0.16624,0.01356,1.32062,0.19249,-0.17435,1.25681,0.14273,-0.34987,1.11571,0.12281,-0.38086,1.07776,-0.09023,-0.39841,1.05842,-0.07143,-0.35708,1.11079,0.10066,-0.41571,1.03055,0.10582,-0.35765,1.07806,0.01841,0.0587,1.33512,
0.00929,-0.37818,1.28645,0.01477,-0.12534,1.31863,0.02017,0.1183,1.33761,0.02367,0.2425,1.3398,-0.1191,0.02252,1.33806,-0.14079,-0.16674,1.26774,-0.10603,-0.3328,1.12927,-0.09517,-0.37347,1.09305,0.16658,0.01357,1.32058,0.1928,-0.17364,1.25682,0.14275,-0.34888,1.11545,0.12099,-0.38064,1.07781,-0.08679,-0.41001,1.04405,-0.09046,-0.3525,1.07105,0.09854,-0.41752,1.03437,0.10434,-0.35891,1.07634,0.01886,0.05862,1.33493,
0.00945,-0.37807,1.28631,0.01506,-0.12528,1.31857,0.02058,0.1183,1.33762,0.02399,0.24253,1.33968,-0.11876,0.02249,1.33783,-0.1398,-0.16889,1.26539,-0.11001,-0.32402,1.14202,-0.09472,-0.36975,1.09654,0.16705,0.01351,1.32039,0.19302,-0.17288,1.25725,0.14287,-0.34694,1.1144,0.12103,-0.37929,1.0786,-0.08384,-0.40628,1.04836,-0.08223,-0.35109,1.08425,0.09709,-0.41504,1.0329,0.10432,-0.35745,1.0801,0.01923,0.05864,1.33492,
0.00958,-0.37803,1.28624,0.01537,-0.12526,1.31856,0.02107,0.11829,1.3377,0.02442,0.24253,1.33965,-0.1186,0.02247,1.33783,-0.13955,-0.16698,1.26608,-0.11509,-0.30545,1.15745,-0.10136,-0.35719,1.10964,0.16752,0.01365,1.3205,0.19305,-0.17292,1.25722,0.14359,-0.34804,1.1155,0.12139,-0.37933,1.07847,-0.08725,-0.39379,1.06697,-0.07193,-0.35199,1.1157,0.09791,-0.41555,1.03486,0.1051,-0.35655,1.07966,0.01968,0.05864,1.33498,
0.0098,-0.37797,1.28617,0.01566,-0.12524,1.31852,0.0214,0.11828,1.33769,0.02476,0.24254,1.33958,-0.11839,0.02242,1.33786,-0.1395,-0.16761,1.2659,-0.11421,-0.31341,1.15273,-0.10037,-0.36434,1.10314,0.16793,0.01377,1.32047,0.19311,-0.17264,1.25735,0.14344,-0.34789,1.11587,0.12262,-0.3805,1.07971,-0.08993,-0.40044,1.05517,-0.07604,-0.35215,1.09739,0.09924,-0.41396,1.03251,0.10287,-0.36261,1.0787,0.02,0.05863,1.33496,
0.00985,-0.37799,1.28615,0.01577,-0.12525,1.31854,0.02158,0.11827,1.33775,0.02491,0.24255,1.33957,-0.11817,0.02237,1.33788,-0.1397,-0.16902,1.26584,-0.11626,-0.305,1.16013,-0.10336,-0.35676,1.11091,0.16802,0.01372,1.32059,0.19293,-0.17394,1.25678,0.143,-0.34899,1.11516,0.12369,-0.38196,1.0777,-0.09192,-0.39345,1.06678,-0.07397,-0.35133,1.11522,0.10159,-0.415,1.02992,0.10207,-0.36836,1.06926,0.02016,0.05862,1.335,
0.01041,-0.37817,1.28654,0.01579,-0.12534,1.31895,0.02121,0.1182,1.33842,0.02468,0.24259,1.34039,-0.11831,0.02221,1.33816,-0.14006,-0.17003,1.26636,-0.11597,-0.31047,1.15669,-0.10247,-0.36175,1.10596,0.16743,0.01373,1.32091,0.19629,-0.1766,1.24694,0.16168,-0.33644,1.08348,0.13856,-0.40228,1.00781,-0.08969,-0.39785,1.05783,-0.07276,-0.35416,1.11276,0.11719,-0.44159,0.96674,0.10518,-0.38017,1.0202,0.01992,0.05855,1.33557,
0.01818,-0.37949,1.28665,0.01747,-0.12594,1.32016,0.0194,0.11781,1.34104,0.02387,0.24264,1.34266,-0.11964,0.02155,1.33851,-0.1414,-0.17232,1.26626,-0.11548,-0.3108,1.15573,-0.10308,-0.36188,1.10566,0.16667,0.01375,1.32146,0.21972,-0.14813,1.22663,0.20406,-0.22964,1.00962,0.16402,-0.28572,0.88427,-0.09239,-0.39865,1.05788,-0.07246,-0.35562,1.11073,0.13201,-0.30358,0.83332,0.14148,-0.24262,0.87024,0.01908,0.05815,1.33763,
0.01389,-0.37951,1.28719,0.01574,-0.12614,1.32085,0.01795,0.11768,1.3418,0.0224,0.24292,1.3439,-0.12026,0.02167,1.33837,-0.14237,-0.16706,1.26697,-0.1148,-0.30776,1.15699,-0.10158,-0.35943,1.10706,0.16046,0.02815,1.32822,0.21883,-0.09078,1.13231,0.13371,-0.04259,0.95992,0.10893,-0.026,0.94875,-0.08846,-0.39619,1.06062,-0.07085,-0.35366,1.11257,0.07339,-0.02849,0.92033,0.10196,-0.05233,0.909,0.01749,0.05796,1.33848,
0.0117,-0.3807,1.28762,0.01477,-0.12597,1.3205,0.01697,0.11927,1.34005,0.02142,0.24287,1.34409,-0.12163,0.02206,1.33815,-0.14275,-0.1623,1.26843,-0.11181,-0.31642,1.15099,-0.09814,-0.3746,1.09053,0.16549,0.05982,1.34183,0.21506,-0.08018,1.15806,0.0984,0.01229,1.0704,0.06953,0.03187,1.09267,-0.09204,-0.40961,1.03763,-0.08642,-0.36213,1.06697,0.02068,0.03593,1.09179,0.022,0.01217,1.06661,0.01652,0.05909,1.33727,
0.00936,-0.38132,1.28794,0.01461,-0.12648,1.32107,0.01895,0.11815,1.34157,0.02188,0.24267,1.34466,-0.1226,0.02327,1.33927,-0.14336,-0.16239,1.26887,-0.11164,-0.31769,1.14999,-0.1005,-0.36771,1.09891,0.16469,0.0402,1.33326,0.23478,-0.11968,1.17532,0.11809,-0.01113,1.11043,0.10278,-0.01193,1.13076,-0.09084,-0.40241,1.04748,-0.07556,-0.3573,1.08782,0.06291,0.02414,1.1434,0.06961,-0.03257,1.14539,0.01775,0.05823,1.33845,
0.0097,-0.38135,1.28867,0.01514,-0.12734,1.32266,0.0201,0.11657,1.34408,0.0231,0.24201,1.3465,-0.12267,0.02318,1.33974,-0.14415,-0.16254,1.26917,-0.11485,-0.30938,1.15578,-0.10192,-0.36157,1.10529,0.16443,0.03944,1.33371,0.23841,-0.1231,1.1833,0.11817,-0.01704,1.12107,0.11649,-0.02159,1.13299,-0.08945,-0.39789,1.05814,-0.07114,-0.3559,1.11323,0.06758,0.01764,1.14169,0.10792,-0.0509,1.16018,0.0188,0.05684,1.34074,
0.00956,-0.38111,1.28887,0.01516,-0.1274,1.32345,0.02007,0.11643,1.34543,0.02363,0.24227,1.34913,-0.12274,0.02326,1.34051,-0.14422,-0.16198,1.26957,-0.1133,-0.31528,1.15247,-0.10124,-0.36444,1.10215,0.16427,0.0392,1.33415,0.23927,-0.12463,1.18495,0.1194,-0.01825,1.12251,0.11829,-0.01999,1.13096,-0.09286,-0.40254,1.05353,-0.07306,-0.35816,1.08998,0.07243,0.02039,1.13894,0.09532,-0.04117,1.15798,0.01883,0.05671,1.34195,
0.00964,-0.38084,1.28953,0.01477,-0.12708,1.3243,0.01933,0.11718,1.34656,0.02184,0.24293,1.35266,-0.12326,0.02316,1.34082,-0.14445,-0.16044,1.27086,-0.11243,-0.31808,1.15039,-0.1014,-0.36651,1.09982,0.16301,0.05922,1.34536,0.23139,-0.10016,1.18604,0.10421,-0.00031,1.12668,0.07657,0.03027,1.12524,-0.09452,-0.40334,1.04885,-0.0761,-0.35522,1.0898,0.03155,0.03495,1.13199,0.01444,0.00574,1.12572,0.01822,0.05732,1.343,
0.00802,-0.37913,1.29209,0.01266,-0.12522,1.32526,0.01624,0.11984,1.34558,0.01832,0.2456,1.35528,-0.12404,0.02314,1.34255,-0.14521,-0.16055,1.27263,-0.11244,-0.31845,1.15037,-0.10159,-0.36739,1.09968,0.15823,0.01312,1.32587,0.24234,-0.05278,1.16845,0.12181,0.08847,1.10456,0.08872,0.10929,1.1024,-0.09427,-0.40314,1.04834,-0.07755,-0.35564,1.08888,0.05529,0.12626,1.12278,0.06907,0.09006,1.05894,0.01544,0.05973,1.3426,
0.00827,-0.3758,1.29447,0.01233,-0.12323,1.32739,0.01569,0.12064,1.3477,0.01723,0.24773,1.3552,-0.12312,0.02353,1.34173,-0.14601,-0.15913,1.27253,-0.11453,-0.31655,1.15237,-0.10197,-0.36479,1.10199,0.15915,0.01325,1.32664,0.25558,-0.01345,1.18031,0.18629,0.12763,1.11174,0.16638,0.1619,1.11199,-0.09273,-0.40214,1.05301,-0.07759,-0.35123,1.09319,0.12197,0.19299,1.08963,0.14779,0.15016,1.14954,0.01492,0.06084,1.34465,
0.00973,-0.37493,1.29429,0.0139,-0.12197,1.32707,0.01765,0.1222,1.34699,0.02103,0.24696,1.3526,-0.12068,0.02934,1.3414,-0.14584,-0.15962,1.27225,-0.11416,-0.3173,1.1514,-0.10185,-0.3657,1.10085,0.16071,0.01544,1.32741,0.27919,0.01633,1.18727,0.18359,0.22149,1.19634,0.15109,0.25895,1.19729,-0.09286,-0.40113,1.05034,-0.07655,-0.35417,1.09095,0.11485,0.27104,1.19313,0.14205,0.24875,1.23777,0.01676,0.06235,1.34406,
0.01188,-0.37194,1.29462,0.01718,-0.11966,1.32673,0.0226,0.12376,1.34568,0.03432,0.24581,1.34608,-0.11804,0.03471,1.34072,-0.14576,-0.15821,1.272,-0.11344,-0.31769,1.15016,-0.10098,-0.36591,1.09921,0.16403,0.01633,1.32805,0.2805,0.05073,1.19628,0.21644,0.20493,1.20217,0.18388,0.239,1.2208,-0.09226,-0.40306,1.04829,-0.07687,-0.35226,1.09143,0.14149,0.29301,1.21412,0.15828,0.22811,1.24877,0.02124,0.06412,1.34301,
0.01296,-0.36867,1.29517,0.02123,-0.11715,1.32659,0.0316,0.12536,1.34456,0.0392,0.24569,1.34433,-0.11351,0.04235,1.34012,-0.14613,-0.15667,1.27198,-0.11326,-0.31771,1.14987,-0.10166,-0.36667,1.10015,0.16963,0.02158,1.3313,0.2796,0.05401,1.19716,0.21025,0.20599,1.20289,0.17064,0.24257,1.22263,-0.09441,-0.40369,1.04975,-0.07518,-0.35516,1.0922,0.12721,0.29602,1.21779,0.16555,0.21211,1.25641,0.02897,0.06603,1.34217,
0.01277,-0.3688,1.2952,0.02058,-0.11728,1.3266,0.02862,0.12522,1.34471,0.03719,0.24553,1.34476,-0.11511,0.04031,1.34045,-0.1464,-0.15699,1.27231,-0.11503,-0.31391,1.15258,-0.10367,-0.36339,1.10379,0.16673,0.0173,1.33052,0.27593,0.0423,1.19391,0.17436,0.24505,1.1936,0.15147,0.25076,1.21031,-0.09397,-0.40064,1.05572,-0.0727,-0.35639,1.10312,0.09697,0.273,1.24374,0.1546,0.21107,1.23653,0.02677,0.06585,1.34226,
0.01119,-0.3698,1.29534,0.01703,-0.11869,1.32712,0.02201,0.12324,1.34588,0.02372,0.24435,1.35006,-0.11813,0.03704,1.34087,-0.14713,-0.15782,1.27208,-0.11832,-0.30775,1.15813,-0.10285,-0.37003,1.09603,0.16273,0.01593,1.33032,0.27759,0.01751,1.19376,0.22297,0.17376,1.15659,0.17989,0.22263,1.16966,-0.09673,-0.40645,1.04286,-0.07781,-0.35753,1.0874,0.13806,0.26755,1.1452,0.16981,0.20728,1.20659,0.02089,0.06398,1.34324,
0.01073,-0.36985,1.29555,0.01587,-0.11913,1.32738,0.01989,0.1226,1.3463,0.01982,0.2438,1.35125,-0.11962,0.0337,1.34064,-0.14815,-0.15694,1.27266,-0.12048,-0.30392,1.16058,-0.10666,-0.35539,1.11116,0.16138,0.01632,1.33073,0.26369,0.01958,1.18618,0.16132,0.16465,1.12671,0.12062,0.19522,1.12539,-0.09517,-0.39368,1.0658,-0.07524,-0.35042,1.11148,0.0673,0.23493,1.08755,0.10507,0.18298,1.16529,0.01901,0.06337,1.34361,
0.0105,-0.37053,1.2964,0.01512,-0.11971,1.32805,0.01886,0.12201,1.3468,0.0156,0.24805,1.35448,-0.12046,0.02858,1.33984,-0.14859,-0.15979,1.27181,-0.15291,-0.36655,1.21243,-0.12383,-0.39543,1.1041,0.16122,0.01629,1.33,0.25136,0.0256,1.16043,0.13267,0.14804,1.10189,0.08965,0.17245,1.10587,-0.11366,-0.42217,1.04441,-0.0936,-0.35392,1.09422,0.03565,0.21849,1.07291,0.05797,0.15196,1.13415,0.01803,0.06278,1.34415,
0.0153,-0.35819,1.298,0.02662,-0.10499,1.32973,0.03818,0.13862,1.3485,0.03475,0.24041,1.32259,-0.10231,0.05649,1.34617,-0.14752,-0.15781,1.2718,-0.12112,-0.32878,1.14056,-0.1036,-0.36787,1.09722,0.16737,0.0367,1.32705,0.25494,0.07483,1.15046,0.1545,0.20301,1.09961,0.13271,0.22473,1.11885,-0.09625,-0.40482,1.04475,-0.07734,-0.35404,1.0904,0.09354,0.26124,1.12956,0.12569,0.20556,1.15752,0.03532,0.079,1.34584,
0.01658,-0.35817,1.2978,0.02775,-0.10367,1.32974,0.03903,0.14052,1.34865,0.03382,0.24071,1.32851,-0.11048,0.04581,1.34516,-0.14666,-0.15809,1.2719,-0.11874,-0.29774,1.1658,-0.1072,-0.35039,1.11803,0.16466,0.03356,1.32649,0.25863,0.07716,1.15206,0.15873,0.20679,1.10451,0.13142,0.21109,1.12051,-0.09892,-0.38361,1.06864,-0.07543,-0.34906,1.11805,0.09349,0.26698,1.1469,0.11744,0.19268,1.1582,0.03627,0.08074,1.34595,
0.01462,-0.36039,1.29833,0.02325,-0.10811,1.33003,0.03106,0.13396,1.3485,0.01592,0.24508,1.35449,-0.11362,0.04067,1.34496,-0.14806,-0.15785,1.27263,-0.12222,-0.30537,1.16264,-0.10605,-0.36544,1.10314,0.16262,0.02746,1.32719,0.23428,0.03894,1.14087,0.13554,0.1706,1.09655,0.10803,0.20263,1.1141,-0.09681,-0.40236,1.05323,-0.08215,-0.34894,1.09667,0.05818,0.25274,1.12313,0.08142,0.17505,1.13335,0.02923,0.07472,1.34593,
0.00919,-0.3669,1.29913,0.01557,-0.11445,1.33056,0.02078,0.12851,1.34889,0.00879,0.24626,1.36438,-0.12081,0.0288,1.34542,-0.14974,-0.16093,1.27514,-0.1225,-0.29603,1.17308,-0.11017,-0.34961,1.1218,0.15257,0.01746,1.32543,0.21655,-0.05408,1.1429,0.13936,0.08609,1.08121,0.1196,0.10974,1.07326,-0.10251,-0.38204,1.072,-0.07924,-0.34808,1.12429,0.08968,0.14296,1.065,0.13478,0.1623,1.10311,0.0196,0.06898,1.34633,
0.00604,-0.3726,1.29806,0.01102,-0.1189,1.32918,0.01534,0.12543,1.34712,0.00625,0.24683,1.36296,-0.12257,0.02656,1.34519,-0.14972,-0.16403,1.2752,-0.12135,-0.29874,1.17113,-0.11088,-0.34993,1.12049,0.14819,0.00971,1.32243,0.21071,-0.06238,1.13562,0.12318,0.0854,1.07478,0.10445,0.11165,1.06638,-0.10287,-0.38369,1.06994,-0.08456,-0.34373,1.10474,0.07458,0.15203,1.0649,0.08958,0.08092,1.11028,0.01434,0.06558,1.34468,
0.00571,-0.37723,1.29581,0.00857,-0.12279,1.32711,0.01066,0.12206,1.34498,0.00315,0.24837,1.35981,-0.12318,0.02492,1.34427,-0.14842,-0.1669,1.27436,-0.12,-0.29992,1.16973,-0.10603,-0.35222,1.11803,0.14485,0.00785,1.31964,0.20125,-0.05889,1.12421,0.11093,0.0875,1.06477,0.0892,0.10509,1.05161,-0.09542,-0.38498,1.07045,-0.07656,-0.35025,1.12358,0.05955,0.14145,1.05044,0.07441,0.07456,1.09652,0.01024,0.06209,1.34258,
0.00536,-0.37892,1.29505,0.00747,-0.12434,1.32625,0.00893,0.12074,1.34407,0.00303,0.2486,1.35835,-0.12363,0.02401,1.34344,-0.14769,-0.16803,1.27428,-0.12121,-0.30043,1.1683,-0.11013,-0.35163,1.11719,0.14597,0.00722,1.31914,0.19986,-0.06444,1.12206,0.10886,0.08391,1.05947,0.09293,0.10978,1.05801,-0.10302,-0.38683,1.0695,-0.07763,-0.35074,1.11816,0.06485,0.14707,1.05975,0.08012,0.07787,1.10075,0.00865,0.06071,1.34168,
0.00808,-0.37934,1.29508,0.00796,-0.12483,1.32639,0.00866,0.12031,1.34432,0.00426,0.24926,1.35885,-0.1232,0.02341,1.3444,-0.15099,-0.1666,1.27679,-0.13166,-0.29292,1.12505,-0.12725,-0.31808,1.05608,0.1457,0.00686,1.31907,0.20115,-0.0565,1.11556,0.10806,0.0911,1.04568,0.09283,0.11737,1.02894,-0.11377,-0.34415,0.99128,-0.15906,-0.34632,1.07553,0.04881,0.16335,1.03178,0.08166,0.08598,1.08062,0.00851,0.0603,1.34187,
0.01025,-0.37985,1.29574,0.01282,-0.12478,1.32761,0.01923,0.12103,1.34618,0.00533,0.2504,1.35883,-0.1124,0.03892,1.34733,-0.1654,-0.08749,1.15456,-0.10304,0.02629,1.03957,-0.08529,0.05406,1.03345,0.14907,0.01009,1.31989,0.18822,-0.00802,1.08672,0.10239,0.12608,0.98538,0.07176,0.17676,0.97489,-0.05542,0.12083,1.01081,-0.10278,0.06607,0.99868,0.02178,0.22457,0.95837,0.03809,0.14355,1.01133,0.01733,0.0607,1.34363,
0.00945,-0.37965,1.29766,0.013,-0.12503,1.32814,0.01836,0.11985,1.34588,0.0146,0.24276,1.35267,-0.10565,0.03396,1.34503,-0.15763,0.00605,1.13942,-0.04897,0.1708,1.08324,-0.06128,0.16636,1.08494,0.14745,0.01243,1.32067,0.15908,0.01196,1.08379,0.06484,0.16395,1.00451,0.06333,0.16289,1.0009,-0.01759,0.21044,1.04935,-0.09848,0.15663,1.04686,0.0276,0.20864,0.9972,0.02435,0.15327,1.03513,0.017,0.05993,1.34357,
0.0094,-0.38353,1.29712,0.00926,-0.12858,1.32933,0.00771,0.1181,1.34879,0.0426,0.24506,1.35674,-0.10559,0.03531,1.3462,-0.16195,0.01799,1.14003,-0.07839,0.15448,1.07982,-0.04734,0.19569,1.07094,0.16588,0.02906,1.32604,0.18141,-0.10542,1.13199,0.09588,0.01986,1.04143,0.07815,0.03478,1.03803,0.0013,0.25152,1.07288,-0.01203,0.16602,1.11577,0.05316,0.09696,1.02949,0.03481,0.02213,1.06342,0.00828,0.05743,1.34599,
0.01149,-0.37786,1.29894,0.01188,-0.12468,1.33021,0.01184,0.12031,1.34859,0.05035,0.24,1.35416,-0.10709,0.03642,1.34447,-0.17173,0.01116,1.12499,-0.08592,0.14771,1.05855,-0.05023,0.18769,1.0429,0.16287,0.03856,1.33567,0.23026,-0.1252,1.34062,0.18162,-0.18174,1.1205,0.18426,-0.19735,1.1026,-0.00609,0.24143,1.04119,-0.01915,0.15091,1.0913,0.17198,-0.16632,1.06028,0.13808,-0.20861,1.12071,0.01187,0.06015,1.34607,
0.01264,-0.37935,1.29929,0.02213,-0.12667,1.33049,0.0404,0.11839,1.34987,0.0548,0.24588,1.35322,-0.10406,0.02998,1.33784,-0.16952,-0.02454,1.11668,-0.07404,0.10046,1.03246,-0.03739,0.11321,1.02418,0.16617,0.02222,1.34237,0.23432,-0.12974,1.34674,0.22656,-0.16502,1.11712,0.22747,-0.15928,1.06882,0.01793,0.15313,1.02742,-0.02139,0.09073,0.98362,0.18817,-0.1481,1.01953,0.20681,-0.10701,1.0553,0.03523,0.0582,1.34695,
0.0149,-0.38709,1.29493,0.02231,-0.12836,1.32866,0.03187,0.11985,1.34754,0.05178,0.24363,1.35498,-0.10421,0.03249,1.33594,-0.19499,-0.09651,1.23543,-0.08339,-0.12466,1.06415,-0.04154,-0.11643,1.02563,0.16309,0.02429,1.33895,0.28595,-0.13415,1.21927,0.22651,-0.04239,1.02541,0.17843,-0.0124,0.98775,0.0172,-0.1236,0.95968,-0.07058,-0.1234,0.99227,0.13165,0.01219,0.9468,0.17533,0.01257,0.99471,0.02998,0.05875,1.34484,
0.01058,-0.38849,1.29276,0.0222,-0.12762,1.32677,0.03455,0.12493,1.34433,0.05154,0.24528,1.35575,-0.10358,0.02788,1.3415,-0.16076,-0.14432,1.277,-0.1356,-0.27766,1.14044,-0.11082,-0.32072,1.08034,0.17135,-0.01632,1.31879,0.25468,-0.0348,1.10898,0.0787,0.05726,1.00505,0.04496,0.05598,0.99689,-0.08709,-0.34922,1.03187,-0.12753,-0.29717,1.05987,-0.0115,0.09701,0.9733,0.02587,0.04021,1.0426,0.03131,0.06256,1.34199,
0.01461,-0.38454,1.29433,0.0265,-0.12822,1.32726,0.04065,0.12058,1.34695,0.04733,0.24185,1.35277,-0.10485,0.02376,1.34796,-0.15051,-0.1639,1.28778,-0.1346,-0.29883,1.15876,-0.11996,-0.34992,1.10897,0.16514,0.04028,1.33625,0.29735,-0.05335,1.16529,0.16629,-0.01562,1.00059,0.12492,-0.00087,0.96878,-0.10425,-0.38642,1.06549,-0.14164,-0.33246,1.09012,0.07202,-0.02085,0.93421,0.08865,0.01128,1.02589,0.03707,0.06002,1.34385,
0.01259,-0.38191,1.29489,0.02395,-0.12758,1.32773,0.03388,0.11788,1.34754,0.043,0.24121,1.34862,-0.11144,0.02287,1.34451,-0.15264,-0.16361,1.28101,-0.12737,-0.33421,1.12745,-0.11053,-0.37637,1.07129,0.16873,0.01553,1.32864,0.31952,-0.10724,1.28412,0.30333,-0.05298,1.06571,0.28543,-0.03943,1.00353,-0.09475,-0.41564,1.0257,-0.13704,-0.34338,1.06102,0.25671,-0.04198,0.9387,0.2405,-0.03247,1.04777,0.03159,0.05812,1.34455,
0.01236,-0.38104,1.29483,0.02163,-0.12732,1.32669,0.02828,0.11692,1.34453,0.03952,0.24056,1.34396,-0.11252,0.02238,1.33568,-0.1488,-0.16187,1.2651,-0.13079,-0.30037,1.14226,-0.10725,-0.34727,1.09364,0.17333,0.01349,1.33538,0.29721,-0.1476,1.34515,0.36354,-0.17069,1.12389,0.37295,-0.15963,1.05859,-0.09101,-0.38974,1.04985,-0.12108,-0.3412,1.06079,0.39118,-0.15928,0.97798,0.33624,-0.12825,1.04346,0.02686,0.05731,1.34213,
0.01398,-0.38103,1.2943,0.0214,-0.12743,1.32618,0.02696,0.11661,1.34396,0.03801,0.24034,1.34142,-0.11352,0.02252,1.3356,-0.14711,-0.1663,1.26358,-0.10889,-0.33868,1.11489,-0.09411,-0.38413,1.07139,0.17528,0.00794,1.33761,0.26481,-0.17701,1.34618,0.26778,-0.28173,1.13921,0.26638,-0.34142,1.01633,-0.07579,-0.41865,1.02413,-0.07976,-0.37008,1.04869,0.26297,-0.3624,0.94701,0.21342,-0.30104,1.01162,0.02579,0.05697,1.34157,
0.01815,-0.3811,1.29289,0.02236,-0.12776,1.32587,0.02695,0.11618,1.34425,0.03816,0.23993,1.34057,-0.11397,0.02239,1.33711,-0.146,-0.16974,1.26317,-0.13133,-0.35292,1.1501,-0.09689,-0.39051,1.07178,0.17628,0.00592,1.33668,0.23675,-0.18592,1.3064,0.17976,-0.31266,1.12089,0.13918,-0.39282,1.00995,-0.0847,-0.42789,1.02099,-0.12445,-0.40854,1.09467,0.1149,-0.42849,0.95597,0.10834,-0.36427,0.99221,0.02588,0.0566,1.34171,
0.01336,-0.37885,1.29247,0.02151,-0.12777,1.32558,0.02751,0.11491,1.34432,0.03766,0.23944,1.34016,-0.11195,0.02287,1.34172,-0.14226,-0.17145,1.26553,-0.11101,-0.34317,1.12269,-0.09896,-0.37532,1.08308,0.17601,0.00618,1.33184,0.20501,-0.18399,1.27286,0.15872,-0.36633,1.14005,0.11604,-0.38093,1.09795,-0.09084,-0.41139,1.0352,-0.12145,-0.39744,1.09088,0.08937,-0.41807,1.04787,0.09946,-0.34785,1.08208,0.02602,0.05576,1.34167,
0.01211,-0.37838,1.29188,0.02077,-0.12796,1.32497,0.02754,0.11395,1.34394,0.03472,0.23873,1.33901,-0.11034,0.02254,1.34239,-0.1404,-0.17479,1.26635,-0.12488,-0.359,1.13819,-0.10493,-0.3733,1.09071,0.17364,0.00812,1.32833,0.20173,-0.18207,1.2698,0.14476,-0.3312,1.13722,0.12389,-0.3657,1.09635,-0.09788,-0.40933,1.03858,-0.12975,-0.40162,1.10327,0.09607,-0.39815,1.0467,0.10766,-0.3462,1.09596,0.02588,0.05493,1.34124,
0.01033,-0.37835,1.29137,0.0192,-0.1284,1.32441,0.02665,0.11293,1.34368,0.03155,0.23867,1.33854,-0.10953,0.02207,1.34105,-0.14019,-0.1761,1.2658,-0.11308,-0.34537,1.12449,-0.10136,-0.37773,1.08404,0.17315,0.0084,1.32794,0.20252,-0.18226,1.27218,0.14545,-0.34557,1.11912,0.11975,-0.39319,1.07854,-0.09279,-0.41375,1.03375,-0.12487,-0.40035,1.09529,0.09837,-0.43516,1.02608,0.0854,-0.38654,1.05104,0.02485,0.05397,1.34092,
0.00929,-0.37829,1.29122,0.01804,-0.12857,1.32411,0.02568,0.11236,1.34347,0.02983,0.23887,1.33846,-0.11039,0.0216,1.34134,-0.1396,-0.17698,1.26511,-0.11121,-0.34433,1.12247,-0.10133,-0.37832,1.08288,0.17274,0.00867,1.32807,0.20317,-0.18303,1.27419,0.147,-0.34218,1.12902,0.12591,-0.37254,1.09291,-0.09065,-0.41366,1.03282,-0.12317,-0.40105,1.08796,0.10207,-0.40628,1.03999,0.10341,-0.35772,1.08511,0.02384,0.05345,1.34068,
0.00891,-0.37833,1.29097,0.01762,-0.12866,1.32383,0.02536,0.1122,1.34325,0.02923,0.23904,1.33846,-0.11095,0.02094,1.34109,-0.13971,-0.17814,1.26433,-0.11379,-0.33956,1.12787,-0.10181,-0.37513,1.08663,0.1722,0.00937,1.32817,0.20329,-0.18301,1.27479,0.14581,-0.34444,1.11982,0.12034,-0.39144,1.07844,-0.09207,-0.40984,1.0369,-0.12441,-0.39788,1.08664,0.09729,-0.4323,1.02687,0.0845,-0.38239,1.0555,0.0235,0.05328,1.34045,


***************************************Here**********************************************

