0.01637,-0.37991,1.28647,0.01573,-0.12536,1.31815,0.01506,0.12007,1.33688,0.02079,0.24349,1.34093,-0.12112,0.02668,1.32904,-0.13838,-0.1611,1.24659,-0.09708,-0.32319,1.09462,-0.07314,-0.36806,1.03511,0.16155,0.01606,1.33018,0.19111,-0.17527,1.2613,0.1506,-0.33645,1.09852,0.12208,-0.39605,1.00884,-0.05399,-0.40489,0.96721,-0.023,-0.36758,1.02633,0.10634,-0.42912,0.9347,0.07882,-0.39221,1.01276,0.01524,0.05994,1.33423,
0.01645,-0.37994,1.28643,0.01592,-0.12533,1.31828,0.01544,0.12015,1.33723,0.02097,0.24358,1.3413,-0.12078,0.02657,1.32896,-0.13832,-0.16123,1.24646,-0.09792,-0.31644,1.10428,-0.07615,-0.36516,1.04072,0.1618,0.01595,1.33029,0.19263,-0.17892,1.25869,0.15058,-0.33964,1.09582,0.13008,-0.38008,1.03466,-0.06255,-0.40182,0.9746,-0.03971,-0.37489,0.9849,0.11545,-0.41616,0.96387,0.0868,-0.38001,1.01757,0.01557,0.06001,1.33452,
0.01657,-0.37996,1.28644,0.01612,-0.12533,1.31843,0.0157,0.12017,1.33744,0.02133,0.24373,1.34151,-0.12052,0.02655,1.32896,-0.13823,-0.16107,1.24647,-0.0965,-0.32256,1.09531,-0.07477,-0.36814,1.03639,0.16205,0.01593,1.33058,0.19264,-0.17709,1.26057,0.15118,-0.33727,1.09699,0.12862,-0.37978,1.03572,-0.05543,-0.40509,0.96775,-0.03671,-0.37263,0.99306,0.11334,-0.41306,0.96433,0.08397,-0.41281,0.99988,0.01582,0.06003,1.33473,
0.01675,-0.37994,1.28646,0.0163,-0.12531,1.31849,0.01586,0.12017,1.3375,0.02154,0.24379,1.34155,-0.12023,0.02631,1.32878,-0.13811,-0.16108,1.24644,-0.09756,-0.31926,1.10035,-0.07875,-0.36447,1.04262,0.16228,0.01618,1.33105,0.19447,-0.17649,1.259,0.15144,-0.33808,1.09727,0.1307,-0.37967,1.03666,-0.069,-0.40223,0.97552,-0.04983,-0.37722,0.97866,0.11345,-0.41555,0.96498,0.09148,-0.38314,1.05258,0.01599,0.06004,1.33479,
0.01687,-0.3799,1.2865,0.01644,-0.12528,1.31858,0.016,0.12017,1.33761,0.02174,0.24389,1.34163,-0.12012,0.02623,1.32879,-0.13806,-0.16099,1.24649,-0.09824,-0.31678,1.10447,-0.08163,-0.36135,1.04838,0.16239,0.01646,1.33151,0.19398,-0.17543,1.2607,0.15173,-0.33747,1.09917,0.1318,-0.37917,1.03759,-0.07471,-0.40051,0.97764,-0.06581,-0.35848,1.00133,0.11924,-0.41378,0.96789,0.09094,-0.38149,1.0548,0.01613,0.06005,1.3349,
0.01704,-0.3799,1.2865,0.01666,-0.12527,1.31869,0.01624,0.12017,1.33778,0.02205,0.24395,1.3418,-0.11987,0.02616,1.32889,-0.1379,-0.16088,1.24654,-0.09732,-0.31928,1.09915,-0.07611,-0.36599,1.03936,0.16265,0.0165,1.33183,0.19378,-0.17544,1.26103,0.15185,-0.33624,1.09799,0.12117,-0.3966,1.01083,-0.06259,-0.40227,0.97319,-0.03988,-0.37542,0.98538,0.10145,-0.43082,0.93785,0.07915,-0.38642,1.0135,0.01636,0.06005,1.33505,
0.01727,-0.38005,1.28649,0.01682,-0.12536,1.31885,0.01633,0.12009,1.33821,0.02235,0.24389,1.34267,-0.11981,0.02609,1.32907,-0.1377,-0.16077,1.24667,-0.09701,-0.31829,1.10021,-0.07649,-0.3643,1.04025,0.16277,0.01566,1.33179,0.194,-0.17385,1.26093,0.15854,-0.31869,1.10188,0.13614,-0.35842,1.0022,-0.06362,-0.39923,0.97433,-0.04016,-0.37408,0.9868,0.11983,-0.39208,0.93406,0.09103,-0.38117,0.95368,0.01648,0.05996,1.3354,
0.01622,-0.37925,1.28558,0.01667,-0.12526,1.31914,0.01641,0.11992,1.33951,0.02266,0.24388,1.34413,-0.11991,0.02648,1.32882,-0.13839,-0.1577,1.24709,-0.09589,-0.31923,1.09845,-0.07526,-0.36596,1.03885,0.16194,0.01575,1.33239,0.21165,-0.13173,1.24749,0.17136,-0.15907,1.01848,0.12222,-0.17284,0.92921,-0.05887,-0.40214,0.97195,-0.03943,-0.37626,0.98069,0.06752,-0.17255,0.87633,0.12291,-0.14168,0.90166,0.01647,0.05988,1.33634,
0.01651,-0.37975,1.28576,0.01598,-0.12502,1.31855,0.01404,0.12116,1.33688,0.02186,0.24517,1.34554,-0.12062,0.0268,1.32797,-0.13955,-0.15037,1.24676,-0.09634,-0.31116,1.10433,-0.07664,-0.35947,1.04511,0.1484,0.01654,1.3218,0.22635,-0.09628,1.1335,0.09699,0.05673,1.06973,0.11084,0.04638,1.06418,-0.06061,-0.39531,0.97624,-0.04507,-0.3529,1.06692,0.07255,0.08336,1.07063,0.06209,0.02488,1.11528,0.01463,0.06076,1.33441,
0.01473,-0.3859,1.28524,0.01527,-0.12584,1.31786,0.01423,0.12385,1.33595,0.02076,0.24688,1.34646,-0.12098,0.0271,1.32782,-0.13924,-0.14824,1.24764,-0.09671,-0.30996,1.11003,-0.07642,-0.36086,1.04586,0.14281,-0.00193,1.30503,0.22714,-0.10385,1.16137,0.12159,0.0232,1.11123,0.10288,0.01913,1.13382,-0.06205,-0.39597,0.97731,-0.04988,-0.36405,0.99561,0.06175,0.05831,1.14966,0.06166,-0.00217,1.18655,0.01444,0.06228,1.33351,
0.01399,-0.38641,1.28485,0.01538,-0.12609,1.31798,0.01629,0.12349,1.33748,0.02172,0.24668,1.34621,-0.12123,0.02728,1.32759,-0.13934,-0.14881,1.24658,-0.09985,-0.30207,1.11806,-0.07711,-0.36259,1.04408,0.15399,0.00996,1.31682,0.23069,-0.11884,1.17322,0.12069,0.00329,1.11988,0.1007,0.00463,1.14373,-0.06058,-0.39751,0.97715,-0.03995,-0.36098,1.06518,0.057,0.04371,1.15918,0.0667,-0.01859,1.2032,0.01585,0.06206,1.33456,
0.01404,-0.38684,1.28506,0.0155,-0.12633,1.31824,0.01664,0.12356,1.33813,0.02191,0.24653,1.34617,-0.12147,0.02724,1.32754,-0.13983,-0.14775,1.24701,-0.09841,-0.30593,1.11583,-0.07625,-0.36307,1.04317,0.14953,-0.00073,1.31107,0.23485,-0.11062,1.17441,0.13443,0.01686,1.11447,0.11582,0.03734,1.12575,-0.0621,-0.39976,0.97531,-0.03394,-0.36293,1.05214,0.07019,0.07183,1.14674,0.06389,0.00948,1.1876,0.01621,0.06209,1.33513,
0.01558,-0.38154,1.28784,0.01552,-0.12492,1.31884,0.01512,0.12376,1.33731,0.02185,0.24792,1.34486,-0.11986,0.02975,1.32776,-0.14041,-0.14851,1.24744,-0.09923,-0.3139,1.10575,-0.08126,-0.35985,1.0504,0.15554,0.00903,1.31898,0.25612,0.00572,1.17154,0.18806,0.15761,1.13111,0.16599,0.20186,1.14413,-0.07322,-0.39952,0.97657,-0.04266,-0.35799,1.06045,0.1189,0.25218,1.17369,0.1732,0.19049,1.19466,0.01529,0.0627,1.33476,
0.01691,-0.37783,1.28881,0.01798,-0.12305,1.31955,0.01926,0.12349,1.33758,0.03144,0.24677,1.34129,-0.1168,0.03672,1.32845,-0.14045,-0.14568,1.24932,-0.09878,-0.31282,1.1097,-0.08094,-0.35857,1.04992,0.15752,0.01091,1.3201,0.26325,0.0472,1.17938,0.17995,0.24042,1.19405,0.1354,0.25736,1.2239,-0.06992,-0.39638,0.9768,-0.06411,-0.35399,1.0065,0.08142,0.26408,1.24369,0.1346,0.23489,1.26183,0.01888,0.06306,1.33513,
0.01834,-0.37071,1.29043,0.02962,-0.11334,1.32257,0.04264,0.13462,1.34167,0.03926,0.24604,1.33985,-0.10216,0.05828,1.33198,-0.14045,-0.14352,1.25054,-0.09662,-0.31622,1.10097,-0.07611,-0.36344,1.04196,0.17285,0.01508,1.32725,0.26527,0.05843,1.18094,0.20406,0.21459,1.1904,0.16126,0.24338,1.22148,-0.06284,-0.39979,0.97436,-0.04497,-0.37534,0.98038,0.10024,0.27497,1.22299,0.14915,0.21499,1.25939,0.03937,0.07394,1.33896,
0.01847,-0.37021,1.29077,0.02627,-0.11612,1.32234,0.03016,0.12739,1.34029,0.03747,0.24568,1.34253,-0.1103,0.04574,1.33102,-0.14041,-0.14328,1.25136,-0.10188,-0.30451,1.11834,-0.08457,-0.3502,1.06409,0.16646,0.01539,1.32825,0.25422,0.03707,1.17394,0.19124,0.1898,1.12883,0.16381,0.20172,1.13352,-0.07713,-0.39206,0.98824,-0.04442,-0.35382,1.0715,0.10523,0.253,1.13435,0.15657,0.19235,1.18678,0.02954,0.06785,1.3379,
0.01835,-0.37182,1.29165,0.02131,-0.11971,1.3229,0.02133,0.12285,1.34034,0.01717,0.25019,1.35825,-0.11592,0.03237,1.32944,-0.14069,-0.14587,1.25207,-0.09811,-0.31138,1.10766,-0.08045,-0.35716,1.05271,0.15876,0.01522,1.3262,0.23483,0.00665,1.1442,0.10976,0.14121,1.05525,0.08338,0.16363,1.05699,-0.07011,-0.3948,0.97941,-0.06915,-0.3465,1.01737,0.02055,0.20554,1.02657,0.0522,0.15953,1.1136,0.02145,0.06343,1.33806,
0.01906,-0.35282,1.29674,0.03146,-0.09615,1.32587,0.04473,0.15164,1.34135,0.04261,0.2569,1.29063,-0.08912,0.08306,1.34229,-0.13778,-0.13059,1.25889,-0.11201,-0.27894,1.14008,-0.08766,-0.34395,1.07075,0.16744,0.03223,1.32776,0.23358,0.06483,1.14393,0.13769,0.19788,1.09282,0.09413,0.25114,1.11875,-0.08406,-0.38643,0.99709,-0.07841,-0.33732,1.03111,0.03608,0.32016,1.11921,0.05496,0.21742,1.14053,0.04138,0.09098,1.33956,
0.01926,-0.34281,1.29779,0.03548,-0.08631,1.32632,0.05142,0.16077,1.34168,0.0448,0.26587,1.3134,-0.08045,0.10329,1.34297,-0.13343,-0.11123,1.26495,-0.1074,-0.28998,1.13234,-0.09341,-0.33563,1.08404,0.1689,0.03906,1.3287,0.24867,0.08754,1.15048,0.15616,0.22533,1.1086,0.1432,0.23733,1.12957,-0.0876,-0.37862,1.00668,-0.14542,-0.29712,1.111,0.09382,0.29926,1.15668,0.07974,0.25188,1.12654,0.04752,0.1003,1.33988,
0.01895,-0.34425,1.29769,0.03511,-0.08616,1.32614,0.05077,0.16199,1.34134,0.04585,0.26482,1.31317,-0.08548,0.09218,1.34164,-0.13754,-0.12195,1.26196,-0.10867,-0.2882,1.13379,-0.09503,-0.33265,1.08487,0.16411,0.02979,1.32499,0.24613,0.07638,1.14803,0.15125,0.21115,1.10044,0.13323,0.22559,1.11959,-0.08565,-0.37629,1.00728,-0.11255,-0.331,1.05177,0.0958,0.31056,1.14175,0.10782,0.20336,1.1488,0.04697,0.10128,1.33958,
0.01703,-0.35919,1.29683,0.0324,-0.09888,1.32798,0.04629,0.1508,1.3461,0.014,0.25207,1.35626,-0.09814,0.06557,1.34155,-0.14385,-0.14336,1.25597,-0.11278,-0.28545,1.13448,-0.09265,-0.33515,1.07785,0.15998,0.01811,1.3219,0.21933,-0.00993,1.13138,0.14398,0.13098,1.06234,0.11603,0.17047,1.04516,-0.08195,-0.37562,1.00389,-0.11618,-0.33145,1.05228,0.10156,0.24431,1.04788,0.11059,0.15026,1.10527,0.04301,0.08975,1.34357,
0.0166,-0.37008,1.29486,0.02687,-0.10804,1.32718,0.03564,0.14296,1.34664,0.0158,0.24904,1.36146,-0.10307,0.054,1.33878,-0.1442,-0.15148,1.25295,-0.10118,-0.31614,1.09401,-0.08049,-0.36364,1.03928,0.15003,0.01212,1.32077,0.21215,-0.04601,1.11737,0.12677,0.09267,1.02381,0.10602,0.11478,1.01621,-0.06559,-0.40168,0.97039,-0.10998,-0.38567,1.052,0.10597,0.19589,1.01441,0.14591,0.0959,0.9985,0.03366,0.08161,1.34377,
0.01608,-0.37298,1.2939,0.02518,-0.11068,1.32636,0.03312,0.1412,1.34569,0.01279,0.25065,1.36206,-0.10357,0.05196,1.33819,-0.14307,-0.15145,1.25297,-0.09535,-0.31583,1.09512,-0.07454,-0.3657,1.03706,0.14683,0.01098,1.32009,0.19404,-0.02369,1.10813,0.11074,0.1128,1.04257,0.09764,0.14454,1.04197,-0.05936,-0.40109,0.96972,-0.10194,-0.39528,1.03162,0.06494,0.19125,1.03312,0.05876,0.16008,1.00694,0.03129,0.07958,1.34289,
0.01584,-0.37319,1.29366,0.02453,-0.11076,1.32646,0.03178,0.14193,1.34616,0.0113,0.25115,1.361,-0.10348,0.05159,1.33845,-0.14169,-0.15169,1.2535,-0.09623,-0.31633,1.09524,-0.07769,-0.36517,1.03688,0.14608,0.01182,1.32047,0.19168,-0.01999,1.10544,0.11069,0.11802,1.0403,0.09885,0.14398,1.02964,-0.06118,-0.40053,0.96867,-0.11081,-0.37809,1.0485,0.08794,0.23003,1.0545,0.13907,0.13807,1.054,0.03012,0.08004,1.34327,
0.01617,-0.37195,1.29405,0.02519,-0.11013,1.32692,0.03387,0.14214,1.34666,0.01073,0.24995,1.35948,-0.10334,0.05201,1.33896,-0.14569,-0.15106,1.25943,-0.09776,-0.27824,1.06945,-0.0675,-0.34211,0.96885,0.1469,0.01205,1.32024,0.19592,-0.01475,1.10531,0.11331,0.13369,1.03127,0.10072,0.17022,1.02176,-0.03963,-0.37072,0.90039,-0.07178,-0.3896,0.96049,0.06428,0.23027,1.02139,0.09614,0.24367,1.02812,0.03172,0.0804,1.34377,
0.01748,-0.3573,1.30033,0.03142,-0.10134,1.32889,0.04633,0.14862,1.34485,0.01727,0.25096,1.35515,-0.05734,0.14975,1.34023,-0.115,-0.02455,1.18959,-0.09293,-0.01506,1.01116,-0.08635,-0.00059,1.00722,0.15247,0.01381,1.31769,0.19803,0.02223,1.08348,0.10641,0.18172,0.99008,0.08351,0.22166,0.98063,-0.02965,0.06766,0.95261,-0.04028,0.00536,1.03339,0.04758,0.28372,0.96297,0.05069,0.19132,1.00285,0.04235,0.08726,1.34301,
0.014,-0.37554,1.30169,0.02737,-0.11114,1.32837,0.03981,0.14267,1.3418,0.02635,0.2476,1.34746,-0.08131,0.0283,1.32913,-0.13748,0.00467,1.11468,-0.06126,0.14858,1.05934,-0.04857,0.17486,1.07317,0.14742,0.0132,1.31712,0.17548,0.01516,1.08,0.07964,0.15363,1.00289,0.04293,0.18457,1.00316,0.01907,0.23679,1.04652,-0.00135,0.16134,1.024,0.01279,0.25954,1.00327,0.00732,0.16264,0.991,0.03683,0.08062,1.34058,
0.01147,-0.38957,1.29796,0.0161,-0.12696,1.32713,0.01779,0.12414,1.34281,0.04345,0.25625,1.34926,-0.08407,0.02734,1.32778,-0.14962,-0.00021,1.1147,-0.07781,0.14328,1.05169,-0.07256,0.1608,1.04929,0.13924,0.00637,1.31438,0.21407,-0.12786,1.15507,0.15058,-0.02102,1.03199,0.13811,-0.00672,1.02692,-0.01902,0.22122,1.04915,-0.05483,0.1264,1.01837,0.09009,0.05165,1.01551,0.09731,-0.01744,1.03222,0.01746,0.06257,1.34103,
0.01452,-0.39105,1.29778,0.02001,-0.12679,1.32608,0.02587,0.12718,1.3402,0.04015,0.25136,1.34395,-0.09057,0.00903,1.31001,-0.18742,-0.08619,1.12635,-0.10705,0.04288,1.00649,-0.08234,0.06513,0.99211,0.15444,0.01737,1.33074,0.24337,-0.13939,1.34652,0.2592,-0.16258,1.11413,0.27123,-0.16471,1.05753,-0.03155,0.11305,0.97324,-0.02051,0.06166,1.00233,0.23907,-0.14146,1.0174,0.21217,-0.187,1.06583,0.02431,0.06489,1.33884,
0.01685,-0.37389,1.29827,0.01997,-0.12271,1.32608,0.02333,0.12498,1.34061,0.03387,0.24746,1.34318,-0.1054,0.06509,1.33756,-0.17561,-0.10445,1.24624,-0.1032,-0.19523,1.04311,-0.03231,-0.22076,0.94748,0.1463,0.02546,1.33254,0.27839,-0.12871,1.25939,0.24734,-0.0723,1.06291,0.20437,-0.04093,1.00794,0.02396,-0.22966,0.89713,0.00393,-0.20534,0.96606,0.15635,-0.02587,0.96108,0.20814,-0.04994,0.96013,0.02293,0.06432,1.33893,
0.01581,-0.37485,1.29518,0.01942,-0.12196,1.32453,0.02284,0.12509,1.33982,0.0313,0.25194,1.34462,-0.10898,0.0492,1.33344,-0.15397,-0.14002,1.25566,-0.12306,-0.26506,1.11906,-0.09042,-0.32278,1.06902,0.15573,-0.0046,1.31961,0.25136,-0.0216,1.14051,0.11572,0.08174,1.03931,0.09073,0.10231,1.04887,-0.0522,-0.3549,0.9974,-0.11642,-0.38575,1.10254,0.03371,0.15497,1.02627,0.09392,0.11167,0.9818,0.02232,0.06461,1.33803,
0.01775,-0.38105,1.28863,0.02108,-0.12329,1.32168,0.02452,0.12535,1.33921,0.03012,0.24912,1.34309,-0.11113,0.04269,1.33416,-0.14723,-0.15534,1.26315,-0.11897,-0.28203,1.13555,-0.09557,-0.34222,1.06978,0.15307,0.03682,1.32846,0.26833,-0.08164,1.15815,0.14686,-0.0417,1.03867,0.09812,-0.04953,1.01803,-0.07268,-0.38293,1.002,-0.0656,-0.34059,1.08894,0.0269,-0.06621,0.99004,0.04804,-0.045,1.08774,0.02366,0.06449,1.33696,
0.01712,-0.37877,1.28989,0.02043,-0.12277,1.32034,0.02321,0.12423,1.33432,0.02919,0.24747,1.33984,-0.11681,0.03369,1.33038,-0.15287,-0.15533,1.26545,-0.11954,-0.31903,1.10316,-0.09431,-0.36075,1.04804,0.15266,0.03129,1.32538,0.29001,-0.09983,1.21697,0.23933,-0.00021,1.08225,0.21622,0.03691,1.07232,-0.06897,-0.3988,0.98533,-0.10258,-0.383,1.00727,0.16712,0.06987,1.00436,0.18674,0.04024,1.10515,0.02255,0.0639,1.33307,
0.01697,-0.37847,1.28972,0.01925,-0.12279,1.31779,0.0208,0.12329,1.33001,0.02844,0.24629,1.3365,-0.12049,0.02975,1.32543,-0.1565,-0.15503,1.26194,-0.11826,-0.31897,1.10097,-0.09389,-0.36298,1.04104,0.1547,0.02987,1.32556,0.30087,-0.12975,1.31303,0.322,-0.08374,1.14519,0.2953,-0.04674,1.08199,-0.07096,-0.40306,0.97809,-0.11142,-0.40368,1.02764,0.27939,-0.07065,1.00737,0.24178,-0.04174,1.10266,0.02046,0.06312,1.3291,
0.01961,-0.3766,1.29131,0.02073,-0.12172,1.31827,0.02206,0.12439,1.3308,0.02992,0.24652,1.33318,-0.11759,0.03542,1.32324,-0.15668,-0.15238,1.25735,-0.11474,-0.3178,1.0989,-0.08896,-0.35982,1.04321,0.16066,0.0279,1.32787,0.31342,-0.13651,1.32988,0.34495,-0.02624,1.17884,0.35184,0.00462,1.1421,-0.0634,-0.39917,0.9794,-0.10261,-0.40411,1.03087,0.34735,0.04013,1.0551,0.3111,0.03853,1.167,0.02176,0.06416,1.32976,
0.02188,-0.37658,1.29103,0.02092,-0.12195,1.31777,0.02038,0.12347,1.33003,0.02926,0.24626,1.3328,-0.11609,0.03565,1.32435,-0.15345,-0.15185,1.25463,-0.10273,-0.31311,1.0943,-0.08013,-0.36358,1.03546,0.16276,0.02231,1.33196,0.26476,-0.15227,1.33484,0.28273,-0.20413,1.10735,0.2951,-0.20051,1.02251,-0.05978,-0.40582,0.97162,-0.07293,-0.3324,1.02323,0.30789,-0.18604,0.9159,0.25561,-0.17652,0.9926,0.02072,0.06345,1.32907,
0.02272,-0.37693,1.29105,0.02143,-0.12232,1.31829,0.02055,0.12285,1.33232,0.02891,0.24531,1.33298,-0.11482,0.0367,1.32543,-0.14439,-0.15488,1.24622,-0.09674,-0.31714,1.08595,-0.07324,-0.37107,1.02761,0.16254,0.02096,1.33285,0.23317,-0.16765,1.29276,0.20931,-0.28239,1.12562,0.16956,-0.34003,0.97131,-0.05892,-0.41278,0.9629,-0.05686,-0.35427,1.00211,0.16234,-0.3643,0.89414,0.12448,-0.3226,0.99206,0.02093,0.06286,1.33078,
0.02014,-0.37783,1.28855,0.02049,-0.12354,1.31713,0.02044,0.12135,1.33214,0.02832,0.24406,1.33289,-0.11416,0.03387,1.32753,-0.14015,-0.15779,1.24491,-0.09395,-0.32084,1.08505,-0.07395,-0.37618,1.02828,0.16497,0.01673,1.32638,0.19869,-0.17577,1.2642,0.14569,-0.33763,1.10538,0.11599,-0.37703,1.04026,-0.06311,-0.41737,0.95935,-0.03965,-0.37827,0.9866,0.09799,-0.4077,0.97245,0.14796,-0.40621,1.05824,0.02057,0.06143,1.33039,
0.01887,-0.37843,1.28761,0.01996,-0.12418,1.31685,0.02037,0.12062,1.33235,0.02806,0.24373,1.33291,-0.11463,0.03155,1.32788,-0.13934,-0.1594,1.24435,-0.09538,-0.32394,1.08545,-0.07867,-0.37655,1.02882,0.16408,0.01837,1.32574,0.1956,-0.17399,1.25888,0.14898,-0.33602,1.09818,0.12208,-0.37736,1.03437,-0.07039,-0.42088,0.95991,-0.04706,-0.37889,0.98133,0.09949,-0.40792,0.9679,0.14698,-0.37409,1.00639,0.02037,0.06074,1.33049,
0.0184,-0.37882,1.28724,0.01959,-0.12462,1.3168,0.02013,0.12008,1.33268,0.02743,0.24334,1.33321,-0.11519,0.02963,1.32777,-0.13933,-0.16065,1.24428,-0.09635,-0.32541,1.08535,-0.07882,-0.37583,1.03112,0.16323,0.01986,1.3263,0.19533,-0.17414,1.25895,0.14992,-0.3362,1.09793,0.12245,-0.37846,1.03433,-0.06901,-0.42237,0.96099,-0.04351,-0.37502,0.99192,0.09898,-0.40804,0.9641,0.15309,-0.4076,1.0308,0.02008,0.06021,1.33073,
0.0184,-0.37898,1.28713,0.01947,-0.12487,1.31699,0.0198,0.11965,1.33371,0.02627,0.2431,1.33383,-0.11596,0.02777,1.32762,-0.13906,-0.16104,1.24421,-0.09537,-0.32524,1.08487,-0.07611,-0.37667,1.03037,0.16242,0.02115,1.32746,0.19474,-0.17367,1.25962,0.15173,-0.33687,1.09914,0.12458,-0.3829,1.02919,-0.06594,-0.41975,0.95929,-0.03652,-0.37025,1.00195,0.1017,-0.41328,0.95938,0.15967,-0.41573,1.04125,0.0198,0.05981,1.33152,
0.01842,-0.3791,1.28701,0.01913,-0.12501,1.3173,0.01884,0.11957,1.335,0.0248,0.24344,1.33504,-0.11665,0.02673,1.32766,-0.13902,-0.16087,1.24421,-0.09486,-0.32487,1.0848,-0.07602,-0.37608,1.02863,0.16214,0.02138,1.32888,0.19403,-0.17356,1.25997,0.15278,-0.33804,1.10039,0.12476,-0.38394,1.02728,-0.06584,-0.41821,0.95983,-0.04243,-0.37467,0.98711,0.10387,-0.41591,0.95691,0.1424,-0.41113,0.9607,0.01899,0.05967,1.33256,
0.01831,-0.37918,1.28692,0.01857,-0.12504,1.31761,0.01784,0.11973,1.33584,0.02341,0.24378,1.33648,-0.11746,0.02602,1.32793,-0.13913,-0.16128,1.24392,-0.09476,-0.32521,1.08448,-0.07638,-0.37717,1.02952,0.16224,0.02096,1.32959,0.19335,-0.1735,1.26029,0.15224,-0.33808,1.10077,0.12714,-0.37812,1.03793,-0.06622,-0.41965,0.96052,-0.03935,-0.37358,0.99455,0.11053,-0.41091,0.96779,0.15777,-0.40655,1.04758,0.01808,0.05978,1.33328,


***************************************Here**********************************************

